MsgID=0x0825 Seq=0xC000 Len=149
Tcode=00 0F 46 33 E3 DB Padding=0x00000000
 msg_id=0x1854 cc=16 ret_type=0
 ret_code=0 ret_val_size=4
 ret_val=38400 (HEX: 00 96 00 00)

Binary (152 B):
08 25 C0 00 00 95 00 0F 46 33 E3 DB 00 00 00 00
54 18 10 00 00 00 00 00 04 00 00 96 00 00 00 00
00 00 00 00 00 00 00 00 00 00 00 00 00 00 00 00
00 00 00 00 00 00 00 00 00 00 00 00 00 00 00 00
00 00 00 00 00 00 00 00 00 00 00 00 00 00 00 00
00 00 00 00 00 00 00 00 00 00 00 00 00 00 00 00
00 00 00 00 00 00 00 00 00 00 00 00 00 00 00 00
00 00 00 00 00 00 00 00 00 00 00 00 00 00 00 00
00 00 00 00 00 00 00 00 00 00 00 00 00 00 00 00
00 00 00 00 00 00 00 00 
