MsgID=0x0825 Seq=0xC000 Len=149
Tcode=00 0F 46 40 48 0B Padding=0x00000000
 msg_id=0x0000 cc=29 ret_type=0
 ret_code=0 ret_val_size=4
 ret_val=2030400000 (HEX: 00 72 05 79)

Binary (152 B):
08 25 C0 00 00 95 00 0F 46 40 48 0B 00 00 00 00
00 00 1D 00 00 00 00 00 04 00 00 72 05 79 00 00
00 00 00 00 00 00 00 00 00 00 00 00 00 00 00 00
00 00 00 00 00 00 00 00 00 00 00 00 00 00 00 00
00 00 00 00 00 00 00 00 00 00 00 00 00 00 00 00
00 00 00 00 00 00 00 00 00 00 00 00 00 00 00 00
00 00 00 00 00 00 00 00 00 00 00 00 00 00 00 00
00 00 00 00 00 00 00 00 00 00 00 00 00 00 00 00
00 00 00 00 00 00 00 00 00 00 00 00 00 00 00 00
00 00 00 00 00 00 00 00 
