MsgID=0x0825 Seq=0xC000 Len=149
Tcode=00 0F 48 32 CD B9 Padding=0x00000000
 msg_id=0x1854 cc=20 ret_type=0
 ret_code=0 ret_val_size=2
 ret_val=65432 (HEX: 98 FF)

Binary (152 B):
08 25 C0 00 00 95 00 0F 48 32 CD B9 00 00 00 00
54 18 14 00 00 00 00 00 02 00 98 FF 00 00 00 00
00 00 00 00 00 00 00 00 00 00 00 00 00 00 00 00
00 00 00 00 00 00 00 00 00 00 00 00 00 00 00 00
00 00 00 00 00 00 00 00 00 00 00 00 00 00 00 00
00 00 00 00 00 00 00 00 00 00 00 00 00 00 00 00
00 00 00 00 00 00 00 00 00 00 00 00 00 00 00 00
00 00 00 00 00 00 00 00 00 00 00 00 00 00 00 00
00 00 00 00 00 00 00 00 00 00 00 00 00 00 00 00
00 00 00 00 00 00 00 00 
