MsgID=0x0825 Seq=0xC000 Len=149
Tcode=00 0F 47 22 B4 48 Padding=0x00000000
 msg_id=0x1830 cc=2 ret_type=2
 ret_code=-1073676285 ret_val_size=0
 ret_val=[] (HEX: )

Binary (152 B):
08 25 C0 00 00 95 00 0F 47 22 B4 48 00 00 00 00
30 18 02 02 03 00 01 C0 00 00 00 00 00 00 00 00
00 00 00 00 00 00 00 00 00 00 00 00 00 00 00 00
00 00 00 00 00 00 00 00 00 00 00 00 00 00 00 00
00 00 00 00 00 00 00 00 00 00 00 00 00 00 00 00
00 00 00 00 00 00 00 00 00 00 00 00 00 00 00 00
00 00 00 00 00 00 00 00 00 00 00 00 00 00 00 00
00 00 00 00 00 00 00 00 00 00 00 00 00 00 00 00
00 00 00 00 00 00 00 00 00 00 00 00 00 00 00 00
00 00 00 00 00 00 00 00 
