MsgID=0x0825 Seq=0xC000 Len=149
Tcode=00 0F 46 41 DB CF Padding=0x00000000
 msg_id=0x1854 cc=27 ret_type=0
 ret_code=0 ret_val_size=4
 ret_val=4426 (HEX: 4A 11 00 00)

Binary (152 B):
08 25 C0 00 00 95 00 0F 46 41 DB CF 00 00 00 00
54 18 1B 00 00 00 00 00 04 00 4A 11 00 00 00 00
00 00 00 00 00 00 00 00 00 00 00 00 00 00 00 00
00 00 00 00 00 00 00 00 00 00 00 00 00 00 00 00
00 00 00 00 00 00 00 00 00 00 00 00 00 00 00 00
00 00 00 00 00 00 00 00 00 00 00 00 00 00 00 00
00 00 00 00 00 00 00 00 00 00 00 00 00 00 00 00
00 00 00 00 00 00 00 00 00 00 00 00 00 00 00 00
00 00 00 00 00 00 00 00 00 00 00 00 00 00 00 00
00 00 00 00 00 00 00 00 
