MsgID=0x0825 Seq=0xC000 Len=149
Tcode=00 0F 49 86 97 DF Padding=0x00000000
 msg_id=0x0000 cc=16 ret_type=0
 ret_code=0 ret_val_size=4
 ret_val=4800 (HEX: 0x000012C0)

Binary (152 B):
08 25 C0 00 00 95 00 0F 49 86 97 DF 00 00 00 00
00 00 10 00 00 00 00 00 04 00 C0 12 00 00 00 00
00 00 00 00 00 00 00 00 00 00 00 00 00 00 00 00
00 00 00 00 00 00 00 00 00 00 00 00 00 00 00 00
00 00 00 00 00 00 00 00 00 00 00 00 00 00 00 00
00 00 00 00 00 00 00 00 00 00 00 00 00 00 00 00
00 00 00 00 00 00 00 00 00 00 00 00 00 00 00 00
00 00 00 00 00 00 00 00 00 00 00 00 00 00 00 00
00 00 00 00 00 00 00 00 00 00 00 00 00 00 00 00
00 00 00 00 00 00 00 00 
