MsgID=0x0825 Seq=0xC000 Len=149
Tcode=00 0F 46 B0 2A ED Padding=0x00000000
 msg_id=0x0000 cc=30 ret_type=0
 ret_code=0 ret_val_size=4
 ret_val=2249510000 (HEX: 70 CC 14 86)

Binary (152 B):
08 25 C0 00 00 95 00 0F 46 B0 2A ED 00 00 00 00
00 00 1E 00 00 00 00 00 04 00 70 CC 14 86 00 00
00 00 00 00 00 00 00 00 00 00 00 00 00 00 00 00
00 00 00 00 00 00 00 00 00 00 00 00 00 00 00 00
00 00 00 00 00 00 00 00 00 00 00 00 00 00 00 00
00 00 00 00 00 00 00 00 00 00 00 00 00 00 00 00
00 00 00 00 00 00 00 00 00 00 00 00 00 00 00 00
00 00 00 00 00 00 00 00 00 00 00 00 00 00 00 00
00 00 00 00 00 00 00 00 00 00 00 00 00 00 00 00
00 00 00 00 00 00 00 00 
