MsgID=0x0825 Seq=0xC000 Len=149
Tcode=00 0F 46 3F 57 E1 Padding=0x00000000
 msg_id=0x0000 cc=19 ret_type=0
 ret_code=0 ret_val_size=2
 ret_val=300 (HEX: 2C 01)

Binary (152 B):
08 25 C0 00 00 95 00 0F 46 3F 57 E1 00 00 00 00
00 00 13 00 00 00 00 00 02 00 2C 01 00 00 00 00
00 00 00 00 00 00 00 00 00 00 00 00 00 00 00 00
00 00 00 00 00 00 00 00 00 00 00 00 00 00 00 00
00 00 00 00 00 00 00 00 00 00 00 00 00 00 00 00
00 00 00 00 00 00 00 00 00 00 00 00 00 00 00 00
00 00 00 00 00 00 00 00 00 00 00 00 00 00 00 00
00 00 00 00 00 00 00 00 00 00 00 00 00 00 00 00
00 00 00 00 00 00 00 00 00 00 00 00 00 00 00 00
00 00 00 00 00 00 00 00 
