MsgID=0x0825 Seq=0xC000 Len=149
Tcode=00 0F 48 06 29 D5 Padding=0x00000000
 msg_id=0x1876 cc=2 ret_type=0
 ret_code=0 ret_val_size=8
 ret_val=[117, 0, 0, 0, 108, 58, 0, 0] (HEX: 75 00 00 00 6C 3A 00 00)

Binary (152 B):
08 25 C0 00 00 95 00 0F 48 06 29 D5 00 00 00 00
76 18 02 00 00 00 00 00 08 00 75 00 00 00 6C 3A
00 00 00 00 00 00 00 00 00 00 00 00 00 00 00 00
00 00 00 00 00 00 00 00 00 00 00 00 00 00 00 00
00 00 00 00 00 00 00 00 00 00 00 00 00 00 00 00
00 00 00 00 00 00 00 00 00 00 00 00 00 00 00 00
00 00 00 00 00 00 00 00 00 00 00 00 00 00 00 00
00 00 00 00 00 00 00 00 00 00 00 00 00 00 00 00
00 00 00 00 00 00 00 00 00 00 00 00 00 00 00 00
00 00 00 00 00 00 00 00 
