MsgID=0x0825 Seq=0xC000 Len=149
Tcode=00 0F 4C D7 A2 C8 Padding=0x00000000
 msg_id=0x1876 cc=2 ret_type=0
 ret_code=0 ret_val_size=8
 ret_val=[32, 0, 0, 0, 161, 15, 0, 0] (HEX: 20 00 00 00 A1 0F 00 00)

Binary (152 B):
08 25 C0 00 00 95 00 0F 4C D7 A2 C8 00 00 00 00
76 18 02 00 00 00 00 00 08 00 20 00 00 00 A1 0F
00 00 00 00 00 00 00 00 00 00 00 00 00 00 00 00
00 00 00 00 00 00 00 00 00 00 00 00 00 00 00 00
00 00 00 00 00 00 00 00 00 00 00 00 00 00 00 00
00 00 00 00 00 00 00 00 00 00 00 00 00 00 00 00
00 00 00 00 00 00 00 00 00 00 00 00 00 00 00 00
00 00 00 00 00 00 00 00 00 00 00 00 00 00 00 00
00 00 00 00 00 00 00 00 00 00 00 00 00 00 00 00
00 00 00 00 00 00 00 00 
