MsgID=0x0825 Seq=0xC000 Len=149
Tcode=00 0F 46 37 E1 E9 Padding=0x00000000
 msg_id=0x0000 cc=23 ret_type=5
 ret_code=-5 ret_val_size=0
 ret_val=[] (HEX: )

Binary (152 B):
08 25 C0 00 00 95 00 0F 46 37 E1 E9 00 00 00 00
00 00 17 05 FB FF FF FF 00 00 00 00 00 00 00 00
00 00 00 00 00 00 00 00 00 00 00 00 00 00 00 00
00 00 00 00 00 00 00 00 00 00 00 00 00 00 00 00
00 00 00 00 00 00 00 00 00 00 00 00 00 00 00 00
00 00 00 00 00 00 00 00 00 00 00 00 00 00 00 00
00 00 00 00 00 00 00 00 00 00 00 00 00 00 00 00
00 00 00 00 00 00 00 00 00 00 00 00 00 00 00 00
00 00 00 00 00 00 00 00 00 00 00 00 00 00 00 00
00 00 00 00 00 00 00 00 
