Raw dump (3540 bytes)
D4 C3 B2 A1 E0 00 00 00 00 00 00 00 C5 98 02 13
33 08 28 08 00 00 00 00 00 00 00 00 00 00 00 00
00 00 00 00 86 86 7E 01 08 26 C0 00 00 A5 00 0F
46 85 5F DC 00 00 00 00 71 18 20 05 FB FF FF FF
14 00 C0 58 0C 00 07 00 16 00 5C ED 00 00 00 00
00 00 08 00 00 00 00 00 00 00 00 00 00 00 00 00
00 00 00 00 00 00 00 00 00 00 00 00 00 00 00 00
00 00 00 00 00 00 00 00 00 00 00 00 00 00 00 00
00 00 00 00 00 00 00 00 00 00 00 00 00 00 00 00
00 00 00 00 00 00 00 00 00 00 00 00 00 00 00 00
00 00 00 00 00 00 00 00 00 00 00 00 00 00 00 00
00 00 00 00 00 00 00 00 00 00 00 00 00 00 00 00
00 00 00 00 00 00 00 00 00 00 00 00 E4 24 DE 0B
00 00 00 00 D6 A8 7F CB A5 76 CA F8 2B 3C 4D 5E
D4 C3 B2 A1 D8 00 00 00 00 00 00 00 C5 98 02 13
33 08 33 07 00 00 00 00 00 00 00 00 00 00 00 00
00 00 00 00 86 86 7B 01 08 25 C0 00 00 9D 00 0F
46 85 CF D0 00 00 00 00 30 18 02 02 03 00 01 C0
00 00 00 00 00 00 00 00 00 00 00 00 00 00 00 00
00 00 00 00 00 00 00 00 00 00 00 00 00 00 00 00
00 00 00 00 00 00 00 00 00 00 00 00 00 00 00 00
00 00 00 00 00 00 00 00 00 00 00 00 00 00 00 00
00 00 00 00 00 00 00 00 00 00 00 00 00 00 00 00
00 00 00 00 00 00 00 00 00 00 00 00 00 00 00 00
00 00 00 00 00 00 00 00 00 00 00 00 00 00 00 00
00 00 00 00 00 00 00 00 00 00 00 00 00 00 00 00
00 00 00 00 00 00 00 00 00 00 00 00 FA 3B FF 82
E9 D1 89 FF 2B 3C 4D 5E D4 C3 B2 A1 CC 00 00 00
00 00 00 00 C5 98 02 13 33 08 37 08 00 00 00 00
00 00 00 00 00 00 00 00 00 00 00 00 86 83 7C 01
08 1A C0 01 00 91 00 0F 46 86 40 3C 00 00 07 07
07 07 07 00 00 00 00 00 00 00 00 00 00 01 00 03
02 01 00 83 46 0F 00 3C 56 DF 05 04 00 00 00 21
01 8E FF 81 00 02 00 00 00 05 01 00 8A 67 01 00
30 01 00 00 01 BB 06 01 00 00 00 25 01 00 00 00
00 00 00 00 00 00 00 00 00 00 00 00 00 00 00 00
00 00 00 00 00 00 00 00 00 00 00 00 00 00 00 00
00 00 00 00 00 00 00 00 01 00 00 00 00 00 00 00
00 00 00 00 00 00 00 00 00 00 00 00 00 00 00 00
00 00 00 00 00 00 00 00 E5 2F F6 E3 EF 92 55 FA
2B 3C 4D 5E D4 C3 B2 A1 CC 00 00 00 00 00 00 00
C5 98 02 13 33 10 17 03 00 00 00 00 00 00 00 00
00 00 00 00 00 00 00 00 86 83 7E 01 08 1A C0 02
00 91 00 0F 46 87 40 37 00 00 07 07 07 07 07 00
00 00 00 00 00 00 00 00 00 01 00 03 02 01 00 83
46 0F 00 3C 56 DF 05 04 00 00 00 21 01 8E FF 81
00 02 00 00 00 05 01 00 8A 67 01 00 30 01 00 00
01 BB 06 01 00 00 00 25 01 00 00 00 00 00 00 00
00 00 00 00 00 00 00 00 00 00 00 00 00 00 00 00
00 00 00 00 00 00 00 00 00 00 00 00 00 00 00 00
00 00 00 00 01 00 00 00 00 00 00 00 00 00 00 00
00 00 00 00 00 00 00 00 00 00 00 00 00 00 00 00
00 00 00 00 9D 19 AF EC 09 99 6D FA 2B 3C 4D 5E
D4 C3 B2 A1 CC 00 00 00 00 00 00 00 C5 98 02 13
33 10 22 02 00 00 00 00 00 00 00 00 00 00 00 00
00 00 00 00 86 83 7F 01 08 1A C0 03 00 91 00 0F
46 87 C0 2A 00 00 07 07 07 07 07 00 00 00 00 00
00 00 00 00 00 01 00 03 02 01 00 83 46 0F 00 3C
56 DF 05 04 00 00 00 21 01 8E FF 81 00 02 00 00
00 05 01 00 8A 67 01 00 30 01 00 00 01 BB 06 01
00 00 00 25 01 00 00 00 00 00 00 00 00 00 00 00
00 00 00 00 00 00 00 00 00 00 00 00 00 00 00 00
00 00 00 00 00 00 00 00 00 00 00 00 00 00 00 00
01 00 00 00 00 00 00 00 00 00 00 00 00 00 00 00
00 00 00 00 00 00 00 00 00 00 00 00 00 00 00 00
F5 88 C3 EC 5D D5 86 F9 2B 3C 4D 5E D4 C3 B2 A1
CC 00 00 00 00 00 00 00 C5 98 02 13 33 11 67 05
00 00 00 00 00 00 00 00 00 00 00 00 00 00 00 00
86 83 7B 01 08 1A C0 04 00 91 00 0F 46 88 C0 30
00 00 07 07 07 07 07 00 00 00 00 00 00 00 00 00
00 01 00 03 02 01 00 83 46 0F 00 3C 56 DF 05 04
00 00 00 21 01 8E FF 81 00 02 00 00 00 05 01 00
8A 67 01 00 30 01 00 00 01 BB 06 01 00 00 00 25
01 00 00 00 00 00 00 00 00 00 00 00 00 00 00 00
00 00 00 00 00 00 00 00 00 00 00 00 00 00 00 00
00 00 00 00 00 00 00 00 00 00 00 00 01 00 00 00
00 00 00 00 00 00 00 00 00 00 00 00 00 00 00 00
00 00 00 00 00 00 00 00 00 00 00 00 06 19 FD D5
D2 A4 09 FE 2B 3C 4D 5E D4 C3 B2 A1 CC 00 00 00
00 00 00 00 C5 98 02 13 33 11 71 05 00 00 00 00
00 00 00 00 00 00 00 00 00 00 00 00 86 83 7C 01
08 1A C0 05 00 91 00 0F 46 89 40 38 00 00 07 07
07 07 07 00 00 00 00 00 00 00 00 00 00 01 00 03
02 01 00 83 46 0F 00 3C 56 DF 05 04 00 00 00 21
01 8E FF 81 00 02 00 00 00 05 01 00 8A 67 01 00
30 01 00 00 01 BB 06 01 00 00 00 25 01 00 00 00
00 00 00 00 00 00 00 00 00 00 00 00 00 00 00 00
00 00 00 00 00 00 00 00 00 00 00 00 00 00 00 00
00 00 00 00 00 00 00 00 01 00 00 00 00 00 00 00
00 00 00 00 00 00 00 00 00 00 00 00 00 00 00 00
00 00 00 00 00 00 00 00 F6 D7 CF E0 8B 3C 5A F9
2B 3C 4D 5E D4 C3 B2 A1 E0 00 00 00 00 00 00 00
C5 98 02 13 33 13 28 02 00 00 00 00 00 00 00 00
00 00 00 00 00 00 00 00 86 86 7D 01 08 26 C0 00
00 A5 00 0F 46 8A 59 D7 00 00 00 00 71 18 20 05
FB FF FF FF 14 00 70 58 0C 00 07 00 16 00 5C ED
00 00 00 00 00 00 08 00 00 00 00 00 00 00 00 00
00 00 00 00 00 00 00 00 00 00 00 00 00 00 00 00
00 00 00 00 00 00 00 00 00 00 00 00 00 00 00 00
00 00 00 00 00 00 00 00 00 00 00 00 00 00 00 00
00 00 00 00 00 00 00 00 00 00 00 00 00 00 00 00
00 00 00 00 00 00 00 00 00 00 00 00 00 00 00 00
00 00 00 00 00 00 00 00 00 00 00 00 00 00 00 00
00 00 00 00 00 00 00 00 00 00 00 00 00 00 00 00
8B 55 DE 05 00 00 00 00 15 99 28 03 47 95 24 FC
2B 3C 4D 5E D4 C3 B2 A1 CC 00 00 00 00 00 00 00
C5 98 02 13 33 15 16 07 00 00 00 00 00 00 00 00
00 00 00 00 00 00 00 00 86 83 7E 01 08 1A C0 06
00 91 00 0F 46 8C 40 38 00 00 07 07 07 07 07 00
00 00 00 00 00 00 00 00 00 01 00 03 02 01 00 83
46 0F 00 3C 56 DF 05 04 00 00 00 21 01 8E FF 81
00 02 00 00 00 05 01 00 8A 67 01 00 30 01 00 00
01 BB 06 01 00 00 00 25 01 00 00 00 00 00 00 00
00 00 00 00 00 00 00 00 00 00 00 00 00 00 00 00
00 00 00 00 00 00 00 00 00 00 00 00 00 00 00 00
00 00 00 00 01 00 00 00 00 00 00 00 00 00 00 00
00 00 00 00 00 00 00 00 00 00 00 00 00 00 00 00
00 00 00 00 01 9D 98 3F D6 73 18 FD 2B 3C 4D 5E
D4 C3 B2 A1 CC 00 00 00 00 00 00 00 C5 98 02 13
33 15 20 08 00 00 00 00 00 00 00 00 00 00 00 00
00 00 00 00 86 83 7F 01 08 1A C0 07 00 91 00 0F
46 8D 40 47 00 00 07 07 07 07 07 00 00 00 00 00
00 00 00 00 00 01 00 03 02 01 00 83 46 0F 00 3C
56 DF 05 04 00 00 00 21 01 8E FF 81 00 02 00 00
00 05 01 00 8A 67 01 00 30 01 00 00 01 BB 06 01
00 00 00 25 01 00 00 00 00 00 00 00 00 00 00 00
00 00 00 00 00 00 00 00 00 00 00 00 00 00 00 00
00 00 00 00 00 00 00 00 00 00 00 00 00 00 00 00
01 00 00 00 00 00 00 00 00 00 00 00 00 00 00 00
00 00 00 00 00 00 00 00 00 00 00 00 00 00 00 00
30 3D CF 8A 94 27 FF FD 2B 3C 4D 5E D4 C3 B2 A1
CC 00 00 00 00 00 00 00 C5 98 02 13 33 17 16 06
00 00 00 00 00 00 00 00 00 00 00 00 00 00 00 00
86 83 7B 01 08 1A C0 08 00 91 00 0F 46 8E 40 38
00 00 07 07 07 07 07 00 00 00 00 00 00 00 00 07
00 01 00 03 02 01 00 83 46 0F 00 3C 56 DF 05 04
00 00 00 21 01 8E FF 81 00 02 00 00 00 05 01 00
8A 67 01 00 30 01 00 00 01 BB 06 01 00 00 00 25
01 00 00 00 00 00 00 00 00 00 00 00 00 00 00 00
00 00 00 00 00 00 00 00 00 00 00 00 00 00 00 00
00 00 00 00 00 00 00 00 00 00 00 00 01 00 00 00
00 00 00 00 00 00 00 00 00 00 00 00 00 00 00 00
00 00 00 00 00 00 00 00 00 00 00 00 96 62 DB A8
D7 56 A0 FC 2B 3C 4D 5E D4 C3 B2 A1 CC 00 00 00
00 00 00 00 C5 98 02 13 33 17 20 07 00 00 00 00
00 00 00 00 00 00 00 00 00 00 00 00 86 83 7C 01
08 1A C0 09 00 91 00 0F 46 8F 40 29 00 00 07 07
07 07 07 00 00 00 00 00 00 00 00 07 00 01 00 03
02 01 00 83 46 0F 00 3C 56 DF 05 04 00 00 00 21
01 8E FF 81 00 02 00 00 00 05 01 00 8A 67 01 00
30 01 00 00 01 BB 06 01 00 00 00 25 01 00 00 00
00 00 00 00 00 00 00 00 00 00 00 00 00 00 00 00
00 00 00 00 00 00 00 00 00 00 00 00 00 00 00 00
00 00 00 00 00 00 00 00 01 00 00 00 00 00 00 00
00 00 00 00 00 00 00 00 00 00 00 00 00 00 00 00
00 00 00 00 00 00 00 00 01 F7 32 0E 26 3F D4 FD
2B 3C 4D 5E D4 C3 B2 A1 E0 00 00 00 00 00 00 00
C5 98 02 13 33 18 66 00 00 00 00 00 00 00 00 00
00 00 00 00 00 00 00 00 86 86 7D 01 08 26 C0 00
00 A5 00 0F 46 8F 61 C5 00 00 00 00 71 18 20 05
FB FF FF FF 14 00 70 58 0C 00 07 00 16 00 5C ED
00 00 00 00 00 00 08 00 00 00 00 00 00 00 00 00
00 00 00 00 00 00 00 00 00 00 00 00 00 00 00 00
00 00 00 00 00 00 00 00 00 00 00 00 00 00 00 00
00 00 00 00 00 00 00 00 00 00 00 00 00 00 00 00
00 00 00 00 00 00 00 00 00 00 00 00 00 00 00 00
00 00 00 00 00 00 00 00 00 00 00 00 00 00 00 00
00 00 00 00 00 00 00 00 00 00 00 00 00 00 00 00
00 00 00 00 00 00 00 00 00 00 00 00 00 00 00 00
DA AE D0 0D 00 00 00 00 BC BC 60 56 A9 64 5F F8
2B 3C 4D 5E D4 C3 B2 A1 CC 00 00 00 00 00 00 00
C5 98 02 13 33 18 70 01 00 00 00 00 00 00 00 00
00 00 00 00 00 00 00 00 86 83 7E 01 08 1A C0 0A
00 91 00 0F 46 8F C0 2A 00 00 07 07 07 07 07 00
00 00 00 00 00 00 00 07 00 01 00 03 02 01 00 83
46 0F 00 3C 56 DF 05 04 00 00 00 21 01 8E FF 81
00 02 00 00 00 05 01 00 8A 67 01 00 30 01 00 00
01 BB 06 01 00 00 00 25 01 00 00 00 00 00 00 00
00 00 00 00 00 00 00 00 00 00 00 00 00 00 00 00
00 00 00 00 00 00 00 00 00 00 00 00 00 00 00 00
00 00 00 00 01 00 00 00 00 00 00 00 00 00 00 00
00 00 00 00 00 00 00 00 00 00 00 00 00 00 00 00
00 00 00 00 99 9E BD F0 44 76 45 FE 2B 3C 4D 5E
D4 C3 B2 A1 CC 00 00 00 00 00 00 00 C5 98 02 13
33 18 74 01 00 00 00 00 00 00 00 00 00 00 00 00
00 00 00 00 86 83 7F 01 08 1A C0 0B 00 91 00 0F
46 90 40 38 00 00 07 07 07 07 07 00 00 00 00 00
00 00 00 07 00 01 00 03 02 01 00 83 46 0F 00 3C
56 DF 05 04 00 00 00 21 01 8E FF 81 00 02 00 00
00 05 01 00 8A 67 01 00 30 01 00 00 01 BB 06 01
00 00 00 25 01 00 00 00 00 00 00 00 00 00 00 00
00 00 00 00 00 00 00 00 00 00 00 00 00 00 00 00
00 00 00 00 00 00 00 00 00 00 00 00 00 00 00 00
01 00 00 00 00 00 00 00 00 00 00 00 00 00 00 00
00 00 00 00 00 00 00 00 00 00 00 00 00 00 00 00
3A 19 04 6C DB B7 5B FB 2B 3C 4D 5E D4 C3 B2 A1
CC 00 00 00 00 00 00 00 C5 98 02 13 33 18 79 00
00 00 00 00 00 00 00 00 00 00 00 00 00 00 00 00
86 83 7B 01 08 1A C0 0C 00 91 00 0F 46 90 C0 46
00 00 07 07 07 07 07 00 00 00 00 00 00 00 00 07
00 01 00 03 02 01 00 83 46 0F 00 3C 56 DF 05 04
00 00 00 21 01 8E FF 81 00 02 00 00 00 05 01 00
8A 67 01 00 30 01 00 00 01 BB 06 01 00 00 00 25
01 00 00 00 00 00 00 00 00 00 00 00 00 00 00 00
00 00 00 00 00 00 00 00 00 00 00 00 00 00 00 00
00 00 00 00 00 00 00 00 00 00 00 00 01 00 00 00
00 00 00 00 00 00 00 00 00 00 00 00 00 00 00 00
00 00 00 00 00 00 00 00 00 00 00 00 72 6F 8B 0F
D8 FF 9C FF 2B 3C 4D 5E D4 C3 B2 A1 CC 00 00 00
00 00 00 00 C5 98 02 13 33 20 23 05 00 00 00 00
00 00 00 00 00 00 00 00 00 00 00 00 86 83 7C 01
08 1A C0 0D 00 91 00 0F 46 91 40 5C 00 00 07 07
07 07 07 00 00 00 00 00 00 00 00 07 00 01 00 03
02 01 00 83 46 0F 00 3C 56 DF 05 04 00 00 00 21
01 8E FF 81 00 02 00 00 00 05 01 00 8A 67 01 00
30 01 00 00 01 BB 06 01 00 00 00 25 01 00 00 00
00 00 00 00 00 00 00 00 00 00 00 00 00 00 00 00
00 00 00 00 00 00 00 00 00 00 00 00 00 00 00 00
00 00 00 00 00 00 00 00 01 00 00 00 00 00 00 00
00 00 00 00 00 00 00 00 00 00 00 00 00 00 00 00
00 00 00 00 00 00 00 00 72 97 66 B5 88 F8 EE F8
2B 3C 4D 5E 
