Raw dump (1836 bytes)
D4 C3 B2 A1 04 01 00 00 00 00 00 00 C5 99 02 11
41 51 17 06 00 00 00 00 00 00 00 00 00 00 00 00
00 00 00 00 86 86 7E 01 08 25 C0 00 02 15 00 0F
46 85 C5 E9 00 00 00 00 30 18 02 02 03 00 01 C0
00 00 00 00 00 00 00 00 00 00 00 00 00 00 00 00
00 00 00 00 00 00 00 00 00 00 00 00 00 00 00 00
00 00 00 00 00 00 00 00 00 00 00 00 00 00 00 00
00 00 00 00 00 00 00 00 00 00 00 00 00 00 00 00
00 00 00 00 00 00 00 00 00 00 00 00 00 00 00 00
00 00 00 00 00 00 00 00 00 00 00 00 00 00 00 00
00 00 00 00 00 00 00 00 00 00 00 00 00 00 00 00
00 00 00 00 00 00 00 00 00 00 00 00 00 00 00 00
00 00 00 00 00 00 00 00 00 00 00 00 00 00 00 00
00 00 00 00 00 00 00 00 00 00 00 00 00 00 00 00
00 00 00 00 00 00 00 00 00 00 00 00 00 00 00 00
00 00 00 00 00 00 00 00 6B A3 58 E1 29 82 8B FB
2B 3C 4D 5E D4 C3 B2 A1 04 01 00 00 00 00 00 00
C5 99 02 11 41 51 23 02 00 00 00 00 00 00 00 00
00 00 00 00 00 00 00 00 86 86 7F 01 00 00 00 00
00 00 00 00 00 00 00 00 00 00 00 00 00 00 00 00
00 00 00 00 00 00 00 00 00 00 00 00 00 00 00 00
00 00 00 00 00 00 00 00 00 00 00 00 00 00 00 00
00 00 00 00 00 00 00 00 00 00 00 00 00 00 00 00
00 00 00 00 00 00 00 00 00 00 00 00 00 00 00 00
00 00 00 00 00 00 00 00 00 00 00 00 00 00 00 00
00 00 00 00 00 00 00 00 00 00 00 00 00 00 00 00
00 00 00 00 00 00 00 00 00 00 00 00 00 00 00 00
00 00 00 00 00 00 00 00 00 00 00 00 00 00 00 00
00 00 00 00 00 00 00 00 00 00 00 00 00 00 00 00
00 00 00 00 00 00 00 00 00 00 00 00 00 00 00 00
00 00 00 00 00 00 00 00 00 00 00 00 00 00 00 00
00 00 00 00 00 00 00 00 00 00 00 00 4D 87 9A 4E
00 DB 9D F9 2B 3C 4D 5E D4 C3 B2 A1 B0 00 00 00
00 00 00 00 C5 99 02 11 41 51 26 05 00 00 00 00
00 00 00 00 00 00 00 00 00 00 00 00 86 86 7B 01
00 00 00 00 00 00 00 00 00 00 00 00 00 00 00 00
00 00 00 00 00 00 00 00 00 00 00 00 00 00 00 00
00 00 00 00 00 00 00 00 00 00 00 00 00 00 00 00
00 00 00 00 00 00 00 00 00 00 00 00 00 00 00 00
00 00 00 00 00 00 00 00 00 00 00 00 00 00 00 00
00 00 00 00 00 00 00 00 00 00 00 00 00 00 00 00
00 00 00 00 00 00 00 00 00 00 00 00 00 00 00 00
00 00 00 00 00 00 00 00 00 00 00 00 D7 1B D3 64
0A 23 D0 FE 2B 3C 4D 5E D4 C3 B2 A1 E4 00 00 00
00 00 00 00 C5 99 02 11 41 51 31 04 00 00 00 00
00 00 00 00 00 00 00 00 00 00 00 00 86 83 7C 01
08 1A C0 01 00 A9 00 0F 46 86 3E 46 00 00 07 07
07 07 07 00 00 00 00 00 00 00 00 00 00 01 00 03
00 01 00 83 46 0F 00 90 AE E3 09 04 00 00 00 21
01 93 FF 2A 01 02 00 00 00 05 04 00 42 C9 00 00
05 01 88 88 01 4B 01 01 00 00 00 FC 00 DB 3F 00
00 00 00 00 00 00 00 01 00 00 00 00 00 02 00 03
00 01 00 E8 01 06 00 12 01 D8 00 2D 00 00 00 00
00 07 03 01 16 00 16 00 00 00 00 00 00 00 00 00
00 00 00 00 00 00 00 00 02 02 02 02 02 02 03 03
01 01 01 01 02 00 01 00 00 00 00 00 00 00 00 00
00 00 00 00 00 00 00 00 00 00 00 00 00 00 00 00
F0 71 A0 2F CC 6F ED FF 2B 3C 4D 5E D4 C3 B2 A1
E4 00 00 00 00 00 00 00 C5 99 02 11 41 52 77 04
00 00 00 00 00 00 00 00 00 00 00 00 00 00 00 00
86 83 7E 01 08 1A C0 02 00 A9 00 0F 46 87 3E 2D
00 00 07 07 07 07 07 00 00 00 00 00 00 00 00 00
00 01 00 03 00 01 00 83 46 0F 00 90 AE E3 09 04
00 00 00 21 01 93 FF 2A 01 02 00 00 00 05 04 00
42 C9 00 00 05 01 88 88 01 4B 01 01 00 00 00 FC
00 DB 3F 00 00 00 00 00 00 00 00 01 00 00 00 00
00 02 00 03 00 01 00 E8 01 06 00 12 01 D8 00 2D
00 00 00 00 00 07 03 01 16 00 16 00 00 00 00 00
00 00 00 00 00 00 00 00 00 00 00 00 02 02 02 02
02 02 03 03 01 01 01 01 02 00 01 00 00 00 00 00
00 00 00 00 00 00 00 00 00 00 00 00 00 00 00 00
00 00 00 00 39 71 AC 43 B1 08 7E FF 2B 3C 4D 5E
D4 C3 B2 A1 E4 00 00 00 00 00 00 00 C5 99 02 11
41 52 82 03 00 00 00 00 00 00 00 00 00 00 00 00
00 00 00 00 86 83 7F 01 08 1A C0 03 00 A9 00 0F
46 87 BE 48 00 00 07 07 07 07 07 00 00 00 00 00
00 00 00 00 00 01 00 03 00 01 00 83 46 0F 00 90
AE E3 09 04 00 00 00 21 01 93 FF 2A 01 02 00 00
00 05 04 00 42 C9 00 00 05 01 88 88 01 4B 01 01
00 00 00 FC 00 DB 3F 00 00 00 00 00 00 00 00 01
00 00 00 00 00 02 00 03 00 01 00 E8 01 06 00 12
01 D8 00 2D 00 00 00 00 00 07 03 01 16 00 16 00
00 00 00 00 00 00 00 00 00 00 00 00 00 00 00 00
02 02 02 02 02 02 03 03 01 01 01 01 02 00 01 00
00 00 00 00 00 00 00 00 00 00 00 00 00 00 00 00
00 00 00 00 00 00 00 00 07 62 13 3C E8 57 DA FF
2B 3C 4D 5E D4 C3 B2 A1 E4 00 00 00 00 00 00 00
C5 99 02 11 41 54 26 08 00 00 00 00 00 00 00 00
00 00 00 00 00 00 00 00 86 83 7B 01 08 1A C0 04
00 A9 00 0F 46 88 BE 39 00 00 07 07 07 07 07 00
00 00 00 00 00 00 00 00 00 01 00 03 00 01 00 83
46 0F 00 90 AE E3 09 04 00 00 00 21 01 93 FF 2A
01 02 00 00 00 05 04 00 42 C9 00 00 05 01 88 88
01 4B 01 01 00 00 00 FC 00 DB 3F 00 00 00 00 00
00 00 00 01 00 00 00 00 00 02 00 03 00 01 00 E8
01 06 00 12 01 D8 00 2D 00 00 00 00 00 07 03 01
16 00 16 00 00 00 00 00 00 00 00 00 00 00 00 00
00 00 00 00 02 02 02 02 02 02 03 03 01 01 01 01
02 00 01 00 00 00 00 00 00 00 00 00 00 00 00 00
00 00 00 00 00 00 00 00 00 00 00 00 47 D4 A9 28
33 02 4C FE 2B 3C 4D 5E D4 C3 B2 A1 E4 00 00 00
00 00 00 00 C5 99 02 11 41 54 31 07 00 00 00 00
00 00 00 00 00 00 00 00 00 00 00 00 86 83 7C 01
08 1A C0 05 00 A9 00 0F 46 89 3E 57 00 00 07 07
07 07 07 00 00 00 00 00 00 00 00 00 00 01 00 03
00 01 00 83 46 0F 00 90 AE E3 09 04 00 00 00 21
01 93 FF 2A 01 02 00 00 00 05 04 00 42 C9 00 00
05 01 88 88 01 4B 01 01 00 00 00 FC 00 DB 3F 00
00 00 00 00 00 00 00 01 00 00 00 00 00 02 00 03
00 01 00 E8 01 06 00 12 01 D8 00 2D 00 00 00 00
00 07 03 01 16 00 16 00 00 00 00 00 00 00 00 00
00 00 00 00 00 00 00 00 02 02 02 02 02 02 03 03
01 01 01 01 02 00 01 00 00 00 00 00 00 00 00 00
00 00 00 00 00 00 00 00 00 00 00 00 00 00 00 00
7F DD 68 06 14 64 3D FA 2B 3C 4D 5E 
