Raw dump (672 bytes)
D4 C3 B2 A1 E0 00 00 00 00 00 00 00 C5 98 02 13
45 05 61 06 00 00 00 00 00 00 00 00 00 00 00 00
00 00 00 00 86 86 7C 01 08 26 C0 00 00 A5 00 0F
46 53 78 AC 00 00 00 00 71 18 20 05 FB FF FF FF
14 00 00 44 0C 00 07 00 16 00 5C ED 00 00 00 00
00 00 08 00 00 00 00 00 00 00 00 00 00 00 00 00
00 00 00 00 00 00 00 00 00 00 00 00 00 00 00 00
00 00 00 00 00 00 00 00 00 00 00 00 00 00 00 00
00 00 00 00 00 00 00 00 00 00 00 00 00 00 00 00
00 00 00 00 00 00 00 00 00 00 00 00 00 00 00 00
00 00 00 00 00 00 00 00 00 00 00 00 00 00 00 00
00 00 00 00 00 00 00 00 00 00 00 00 00 00 00 00
00 00 00 00 00 00 00 00 00 00 00 00 F6 D5 B0 16
00 00 00 00 4C AF 5B 7F BA 52 12 FA 2B 3C 4D 5E
D4 C3 B2 A1 E0 00 00 00 00 00 00 00 C5 98 02 13
45 05 66 05 00 00 00 00 00 00 00 00 00 00 00 00
00 00 00 00 86 86 7D 01 08 26 C0 00 00 A5 00 0F
46 53 79 1B 00 00 00 00 71 18 0A 05 FB FF FF FF
00 00 00 00 00 00 00 00 00 00 00 00 00 00 00 00
00 00 00 00 00 00 00 00 00 00 00 00 00 00 00 00
00 00 00 00 00 00 00 00 00 00 00 00 00 00 00 00
00 00 00 00 00 00 00 00 00 00 00 00 00 00 00 00
00 00 00 00 00 00 00 00 00 00 00 00 00 00 00 00
00 00 00 00 00 00 00 00 00 00 00 00 00 00 00 00
00 00 00 00 00 00 00 00 00 00 00 00 00 00 00 00
00 00 00 00 00 00 00 00 00 00 00 00 00 00 00 00
00 00 00 00 00 00 00 00 00 00 00 00 F6 D5 B0 16
00 00 00 00 2E E5 5F A4 B1 52 C0 FB 2B 3C 4D 5E
D4 C3 B2 A1 E0 00 00 00 00 00 00 00 C5 98 02 13
45 05 70 06 00 00 00 00 00 00 00 00 00 00 00 00
00 00 00 00 86 86 7E 01 08 26 C0 00 00 A5 00 0F
46 53 F6 A5 00 00 00 00 71 18 1F 05 FB FF FF FF
40 00 2C ED 36 B6 2C ED 36 B6 44 ED 36 B6 00 44
0C 00 07 00 16 01 5C ED 36 B6 00 00 00 00 40 ED
36 B6 94 ED 36 B6 94 ED 36 B6 08 00 00 00 00 44
0C 00 07 00 16 00 5C ED 00 00 00 00 00 00 08 00
00 00 00 00 00 00 00 00 00 00 00 00 00 00 00 00
00 00 00 00 00 00 00 00 00 00 00 00 00 00 00 00
00 00 00 00 00 00 00 00 00 00 00 00 00 00 00 00
00 00 00 00 00 00 00 00 00 00 00 00 00 00 00 00
00 00 00 00 00 00 00 00 00 00 00 00 F6 D5 B0 16
00 00 00 00 3E D9 4E B1 02 93 F6 FE 2B 3C 4D 5E

