Raw dump (3540 bytes)
D4 C3 B2 A1 E0 00 00 00 00 00 00 00 C5 98 02 13
33 53 35 06 00 00 00 00 00 00 00 00 00 00 00 00
00 00 00 00 86 86 7C 01 08 26 C0 00 00 A5 00 0F
46 B2 6D DB 00 00 00 00 71 18 20 05 FB FF FF FF
14 00 60 57 0C 00 07 00 16 00 5C ED 00 00 00 00
00 00 08 00 00 00 00 00 00 00 00 00 00 00 00 00
00 00 00 00 00 00 00 00 00 00 00 00 00 00 00 00
00 00 00 00 00 00 00 00 00 00 00 00 00 00 00 00
00 00 00 00 00 00 00 00 00 00 00 00 00 00 00 00
00 00 00 00 00 00 00 00 00 00 00 00 00 00 00 00
00 00 00 00 00 00 00 00 00 00 00 00 00 00 00 00
00 00 00 00 00 00 00 00 00 00 00 00 00 00 00 00
00 00 00 00 00 00 00 00 00 00 00 00 06 2A E3 0B
00 00 00 00 E8 D3 02 10 8C 77 54 F9 2B 3C 4D 5E
D4 C3 B2 A1 D8 00 00 00 00 00 00 00 C5 98 02 13
33 53 40 05 00 00 00 00 00 00 00 00 00 00 00 00
00 00 00 00 86 86 7E 01 08 25 C0 00 00 9D 00 0F
46 B2 CF D7 00 00 00 00 30 18 02 02 03 00 01 C0
00 00 00 00 00 00 00 00 00 00 00 00 00 00 00 00
00 00 00 00 00 00 00 00 00 00 00 00 00 00 00 00
00 00 00 00 00 00 00 00 00 00 00 00 00 00 00 00
00 00 00 00 00 00 00 00 00 00 00 00 00 00 00 00
00 00 00 00 00 00 00 00 00 00 00 00 00 00 00 00
00 00 00 00 00 00 00 00 00 00 00 00 00 00 00 00
00 00 00 00 00 00 00 00 00 00 00 00 00 00 00 00
00 00 00 00 00 00 00 00 00 00 00 00 00 00 00 00
00 00 00 00 00 00 00 00 00 00 00 00 09 7A DB 60
97 22 27 FC 2B 3C 4D 5E D4 C3 B2 A1 CC 00 00 00
00 00 00 00 C5 98 02 13 33 53 44 06 00 00 00 00
00 00 00 00 00 00 00 00 00 00 00 00 86 83 7F 01
08 1A C0 0E 00 91 00 0F 46 B3 40 47 00 00 07 07
07 07 07 00 00 00 00 00 00 00 00 07 00 01 00 04
0B 01 00 B0 46 0F 00 4D 60 DF 05 06 00 00 00 21
01 94 FF 81 00 02 00 00 00 05 01 00 5D 67 01 00
35 01 00 00 01 BB 06 01 00 00 00 25 01 00 00 00
00 00 00 00 00 00 00 00 00 00 00 00 00 00 00 00
00 00 00 00 00 00 00 00 00 00 00 00 00 00 00 00
00 00 00 00 00 00 00 00 01 00 00 00 00 00 00 00
00 00 00 00 00 00 00 00 00 00 00 00 00 00 00 00
00 00 00 00 00 00 00 00 E7 F6 86 AF 6B 5E F8 FA
2B 3C 4D 5E D4 C3 B2 A1 CC 00 00 00 00 00 00 00
C5 98 02 13 33 55 17 06 00 00 00 00 00 00 00 00
00 00 00 00 00 00 00 00 86 83 7C 01 08 1A C0 0F
00 91 00 0F 46 B4 40 38 00 00 07 07 07 07 07 00
00 00 00 00 00 00 00 07 00 01 00 04 0B 01 00 B0
46 0F 00 4D 60 DF 05 06 00 00 00 21 01 94 FF 81
00 02 00 00 00 05 01 00 5D 67 01 00 35 01 00 00
01 BB 06 01 00 00 00 25 01 00 00 00 00 00 00 00
00 00 00 00 00 00 00 00 00 00 00 00 00 00 00 00
00 00 00 00 00 00 00 00 00 00 00 00 00 00 00 00
00 00 00 00 01 00 00 00 00 00 00 00 00 00 00 00
00 00 00 00 00 00 00 00 00 00 00 00 00 00 00 00
00 00 00 00 52 F9 7D F8 87 E4 B0 FC 2B 3C 4D 5E
D4 C3 B2 A1 CC 00 00 00 00 00 00 00 C5 98 02 13
33 55 21 07 00 00 00 00 00 00 00 00 00 00 00 00
00 00 00 00 86 83 7D 01 08 1A C0 10 00 91 00 0F
46 B4 C0 44 00 00 07 07 07 07 07 00 00 00 00 00
00 00 00 07 00 01 00 04 0B 01 00 B0 46 0F 00 4D
60 DF 05 06 00 00 00 21 01 94 FF 81 00 02 00 00
00 05 01 00 5D 67 01 00 35 01 00 00 01 BB 06 01
00 00 00 25 01 00 00 00 00 00 00 00 00 00 00 00
00 00 00 00 00 00 00 00 00 00 00 00 00 00 00 00
00 00 00 00 00 00 00 00 00 00 00 00 00 00 00 00
01 00 00 00 00 00 00 00 00 00 00 00 00 00 00 00
00 00 00 00 00 00 00 00 00 00 00 00 00 00 00 00
1F A9 7C D9 FB F5 3A FB 2B 3C 4D 5E D4 C3 B2 A1
CC 00 00 00 00 00 00 00 C5 98 02 13 33 56 67 07
00 00 00 00 00 00 00 00 00 00 00 00 00 00 00 00
86 83 7E 01 08 1A C0 11 00 91 00 0F 46 B5 C0 3C
00 00 07 07 07 07 07 00 00 00 00 00 00 00 00 07
00 01 00 04 0B 01 00 B0 46 0F 00 4D 60 DF 05 06
00 00 00 21 01 94 FF 81 00 02 00 00 00 05 01 00
5D 67 01 00 35 01 00 00 01 BB 06 01 00 00 00 25
01 00 00 00 00 00 00 00 00 00 00 00 00 00 00 00
00 00 00 00 00 00 00 00 00 00 00 00 00 00 00 00
00 00 00 00 00 00 00 00 00 00 00 00 01 00 00 00
00 00 00 00 00 00 00 00 00 00 00 00 00 00 00 00
00 00 00 00 00 00 00 00 00 00 00 00 78 52 18 F9
79 D2 A2 F8 2B 3C 4D 5E D4 C3 B2 A1 CC 00 00 00
00 00 00 00 C5 98 02 13 33 56 71 08 00 00 00 00
00 00 00 00 00 00 00 00 00 00 00 00 86 83 7F 01
08 1A C0 12 00 91 00 0F 46 B6 40 37 00 00 07 07
07 07 07 00 00 00 00 00 00 00 00 0E 00 01 00 04
0B 01 00 B0 46 0F 00 4D 60 DF 05 06 00 00 00 21
01 94 FF 81 00 02 00 00 00 05 01 00 5D 67 01 00
35 01 00 00 01 BB 06 01 00 00 00 25 01 00 00 00
00 00 00 00 00 00 00 00 00 00 00 00 00 00 00 00
00 00 00 00 00 00 00 00 00 00 00 00 00 00 00 00
00 00 00 00 00 00 00 00 01 00 00 00 00 00 00 00
00 00 00 00 00 00 00 00 00 00 00 00 00 00 00 00
00 00 00 00 00 00 00 00 88 49 0A 4B 3A B9 B2 F9
2B 3C 4D 5E D4 C3 B2 A1 E0 00 00 00 00 00 00 00
C5 98 02 13 33 58 34 02 00 00 00 00 00 00 00 00
00 00 00 00 00 00 00 00 86 86 7B 01 08 26 C0 00
00 A5 00 0F 46 B7 67 EC 00 00 00 00 71 18 20 05
FB FF FF FF 14 00 70 58 0C 00 07 00 16 00 5C ED
00 00 00 00 00 00 08 00 00 00 00 00 00 00 00 00
00 00 00 00 00 00 00 00 00 00 00 00 00 00 00 00
00 00 00 00 00 00 00 00 00 00 00 00 00 00 00 00
00 00 00 00 00 00 00 00 00 00 00 00 00 00 00 00
00 00 00 00 00 00 00 00 00 00 00 00 00 00 00 00
00 00 00 00 00 00 00 00 00 00 00 00 00 00 00 00
00 00 00 00 00 00 00 00 00 00 00 00 00 00 00 00
00 00 00 00 00 00 00 00 00 00 00 00 00 00 00 00
32 61 EA 05 00 00 00 00 40 51 7D 89 20 1D D8 FE
2B 3C 4D 5E D4 C3 B2 A1 CC 00 00 00 00 00 00 00
C5 98 02 13 34 00 18 06 00 00 00 00 00 00 00 00
00 00 00 00 00 00 00 00 86 83 7C 01 08 1A C0 13
00 91 00 0F 46 B9 40 37 00 00 07 07 07 07 07 00
00 00 00 00 00 00 00 0E 00 01 00 04 0B 01 00 B0
46 0F 00 4D 60 DF 05 06 00 00 00 21 01 94 FF 81
00 02 00 00 00 05 01 00 5D 67 01 00 35 01 00 00
01 BB 06 01 00 00 00 25 01 00 00 00 00 00 00 00
00 00 00 00 00 00 00 00 00 00 00 00 00 00 00 00
00 00 00 00 00 00 00 00 00 00 00 00 00 00 00 00
00 00 00 00 01 00 00 00 00 00 00 00 00 00 00 00
00 00 00 00 00 00 00 00 00 00 00 00 00 00 00 00
00 00 00 00 D6 3C 17 CB DC 4C 48 F9 2B 3C 4D 5E
D4 C3 B2 A1 CC 00 00 00 00 00 00 00 C5 98 02 13
34 00 22 07 00 00 00 00 00 00 00 00 00 00 00 00
00 00 00 00 86 83 7D 01 08 1A C0 14 00 91 00 0F
46 BA 40 48 00 00 07 07 07 07 07 00 00 00 00 00
00 00 00 0E 00 01 00 04 0B 01 00 B0 46 0F 00 4D
60 DF 05 06 00 00 00 21 01 94 FF 81 00 02 00 00
00 05 01 00 5D 67 01 00 35 01 00 00 01 BB 06 01
00 00 00 25 01 00 00 00 00 00 00 00 00 00 00 00
00 00 00 00 00 00 00 00 00 00 00 00 00 00 00 00
00 00 00 00 00 00 00 00 00 00 00 00 00 00 00 00
01 00 00 00 00 00 00 00 00 00 00 00 00 00 00 00
00 00 00 00 00 00 00 00 00 00 00 00 00 00 00 00
F8 9D 7E B8 4D 2C 03 FF 2B 3C 4D 5E D4 C3 B2 A1
CC 00 00 00 00 00 00 00 C5 98 02 13 34 02 18 06
00 00 00 00 00 00 00 00 00 00 00 00 00 00 00 00
86 83 7E 01 08 1A C0 15 00 91 00 0F 46 BB 40 37
00 00 07 07 07 07 07 00 00 00 00 00 00 00 00 0E
00 01 00 04 0B 01 00 B0 46 0F 00 4D 60 DF 05 06
00 00 00 21 01 94 FF 81 00 02 00 00 00 05 01 00
5D 67 01 00 35 01 00 00 01 BB 06 01 00 00 00 25
01 00 00 00 00 00 00 00 00 00 00 00 00 00 00 00
00 00 00 00 00 00 00 00 00 00 00 00 00 00 00 00
00 00 00 00 00 00 00 00 00 00 00 00 01 00 00 00
00 00 00 00 00 00 00 00 00 00 00 00 00 00 00 00
00 00 00 00 00 00 00 00 00 00 00 00 C9 3D 29 0D
40 23 82 FD 2B 3C 4D 5E D4 C3 B2 A1 CC 00 00 00
00 00 00 00 C5 98 02 13 34 02 22 06 00 00 00 00
00 00 00 00 00 00 00 00 00 00 00 00 86 83 7F 01
08 1A C0 16 00 91 00 0F 46 BC 40 28 00 00 07 07
07 07 07 00 00 00 00 00 00 00 00 0E 00 01 00 04
0B 01 00 B0 46 0F 00 4D 60 DF 05 06 00 00 00 21
01 94 FF 81 00 02 00 00 00 05 01 00 5D 67 01 00
35 01 00 00 01 BB 06 01 00 00 00 25 01 00 00 00
00 00 00 00 00 00 00 00 00 00 00 00 00 00 00 00
00 00 00 00 00 00 00 00 00 00 00 00 00 00 00 00
00 00 00 00 00 00 00 00 01 00 00 00 00 00 00 00
00 00 00 00 00 00 00 00 00 00 00 00 00 00 00 00
00 00 00 00 00 00 00 00 57 92 C2 EB 71 DC 70 FC
2B 3C 4D 5E D4 C3 B2 A1 E0 00 00 00 00 00 00 00
C5 98 02 13 34 03 67 09 00 00 00 00 00 00 00 00
00 00 00 00 00 00 00 00 86 86 7B 01 08 26 C0 00
00 A5 00 0F 46 BC 6F DD 00 00 00 00 71 18 20 05
FB FF FF FF 14 00 20 58 0C 00 07 00 16 00 5C ED
00 00 00 00 00 00 08 00 00 00 00 00 00 00 00 00
00 00 00 00 00 00 00 00 00 00 00 00 00 00 00 00
00 00 00 00 00 00 00 00 00 00 00 00 00 00 00 00
00 00 00 00 00 00 00 00 00 00 00 00 00 00 00 00
00 00 00 00 00 00 00 00 00 00 00 00 00 00 00 00
00 00 00 00 00 00 00 00 00 00 00 00 00 00 00 00
00 00 00 00 00 00 00 00 00 00 00 00 00 00 00 00
00 00 00 00 00 00 00 00 00 00 00 00 00 00 00 00
79 69 D4 0D 00 00 00 00 1E 11 1A 96 36 DF 7B FD
2B 3C 4D 5E D4 C3 B2 A1 CC 00 00 00 00 00 00 00
C5 98 02 13 34 03 72 00 00 00 00 00 00 00 00 00
00 00 00 00 00 00 00 00 86 83 7C 01 08 1A C0 17
00 91 00 0F 46 BC C0 28 00 00 07 07 07 07 07 00
00 00 00 00 00 00 00 0E 00 01 00 04 0B 01 00 B0
46 0F 00 4D 60 DF 05 06 00 00 00 21 01 94 FF 81
00 02 00 00 00 05 01 00 5D 67 01 00 35 01 00 00
01 BB 06 01 00 00 00 25 01 00 00 00 00 00 00 00
00 00 00 00 00 00 00 00 00 00 00 00 00 00 00 00
00 00 00 00 00 00 00 00 00 00 00 00 00 00 00 00
00 00 00 00 01 00 00 00 00 00 00 00 00 00 00 00
00 00 00 00 00 00 00 00 00 00 00 00 00 00 00 00
00 00 00 00 A7 D8 E4 5F 95 30 38 FD 2B 3C 4D 5E
D4 C3 B2 A1 CC 00 00 00 00 00 00 00 C5 98 02 13
34 03 76 00 00 00 00 00 00 00 00 00 00 00 00 00
00 00 00 00 86 83 7D 01 08 1A C0 18 00 91 00 0F
46 BD 40 38 00 00 07 07 07 07 07 00 00 00 00 00
00 00 00 0E 00 01 00 04 0B 01 00 B0 46 0F 00 4D
60 DF 05 06 00 00 00 21 01 94 FF 81 00 02 00 00
00 05 01 00 5D 67 01 00 35 01 00 00 01 BB 06 01
00 00 00 25 01 00 00 00 00 00 00 00 00 00 00 00
00 00 00 00 00 00 00 00 00 00 00 00 00 00 00 00
00 00 00 00 00 00 00 00 00 00 00 00 00 00 00 00
01 00 00 00 00 00 00 00 00 00 00 00 00 00 00 00
00 00 00 00 00 00 00 00 00 00 00 00 00 00 00 00
F3 26 41 20 9D 8A 4C FB 2B 3C 4D 5E D4 C3 B2 A1
CC 00 00 00 00 00 00 00 C5 98 02 13 34 03 80 09
00 00 00 00 00 00 00 00 00 00 00 00 00 00 00 00
86 83 7E 01 08 1A C0 19 00 91 00 0F 46 BD C0 3A
00 00 07 07 07 07 07 00 00 00 00 00 00 00 00 0E
00 01 00 04 0B 01 00 B0 46 0F 00 4D 60 DF 05 06
00 00 00 21 01 94 FF 81 00 02 00 00 00 05 01 00
5D 67 01 00 35 01 00 00 01 BB 06 01 00 00 00 25
01 00 00 00 00 00 00 00 00 00 00 00 00 00 00 00
00 00 00 00 00 00 00 00 00 00 00 00 00 00 00 00
00 00 00 00 00 00 00 00 00 00 00 00 01 00 00 00
00 00 00 00 00 00 00 00 00 00 00 00 00 00 00 00
00 00 00 00 00 00 00 00 00 00 00 00 8E 37 F5 47
BC 19 CF FA 2B 3C 4D 5E D4 C3 B2 A1 CC 00 00 00
00 00 00 00 C5 98 02 13 34 05 25 04 00 00 00 00
00 00 00 00 00 00 00 00 00 00 00 00 86 83 7F 01
08 1A C0 1A 00 91 00 0F 46 BE 40 1D 00 00 07 07
07 07 07 00 00 00 00 00 00 00 00 0E 00 01 00 04
0B 01 00 B0 46 0F 00 4D 60 DF 05 06 00 00 00 21
01 94 FF 81 00 02 00 00 00 05 01 00 5D 67 01 00
35 01 00 00 01 BB 06 01 00 00 00 25 01 00 00 00
00 00 00 00 00 00 00 00 00 00 00 00 00 00 00 00
00 00 00 00 00 00 00 00 00 00 00 00 00 00 00 00
00 00 00 00 00 00 00 00 01 00 00 00 00 00 00 00
00 00 00 00 00 00 00 00 00 00 00 00 00 00 00 00
00 00 00 00 00 00 00 00 B1 88 65 27 16 69 85 FE
2B 3C 4D 5E 
