Raw dump (448 bytes)
D4 C3 B2 A1 E0 00 00 00 00 00 00 00 C5 98 02 13
34 28 34 07 00 00 00 00 00 00 00 00 00 00 00 00
00 00 00 00 86 86 7F 01 08 26 C0 00 00 A5 00 0F
46 D5 6D E7 00 00 00 00 90 18 00 00 00 00 00 00
0C 00 49 4C 4F 56 45 4D 4F 5A 41 52 54 00 00 00
00 00 00 00 00 00 00 00 00 00 00 00 00 00 00 00
00 00 00 00 00 00 00 00 00 00 00 00 00 00 00 00
00 00 00 00 00 00 00 00 00 00 00 00 00 00 00 00
00 00 00 00 00 00 00 00 00 00 00 00 00 00 00 00
00 00 00 00 00 00 00 00 00 00 00 00 00 00 00 00
00 00 00 00 00 00 00 00 00 00 00 00 00 00 00 00
00 00 00 00 00 00 00 00 00 00 00 00 00 00 00 00
00 00 00 00 00 00 00 00 00 00 00 00 17 34 E3 0B
00 00 00 00 D6 05 76 23 18 8E DC F8 2B 3C 4D 5E
D4 C3 B2 A1 E0 00 00 00 00 00 00 00 C5 98 02 13
34 28 39 06 00 00 00 00 00 00 00 00 00 00 00 00
00 00 00 00 86 86 7B 01 08 26 C0 00 00 A5 00 0F
46 D5 7B E9 00 00 00 00 71 18 20 05 FB FF FF FF
14 00 60 57 0C 00 07 00 16 00 5C ED 00 00 00 00
00 00 08 00 00 00 00 00 00 00 00 00 00 00 00 00
00 00 00 00 00 00 00 00 00 00 00 00 00 00 00 00
00 00 00 00 00 00 00 00 00 00 00 00 00 00 00 00
00 00 00 00 00 00 00 00 00 00 00 00 00 00 00 00
00 00 00 00 00 00 00 00 00 00 00 00 00 00 00 00
00 00 00 00 00 00 00 00 00 00 00 00 00 00 00 00
00 00 00 00 00 00 00 00 00 00 00 00 00 00 00 00
00 00 00 00 00 00 00 00 00 00 00 00 17 34 E3 0B
00 00 00 00 B2 7A DC 03 D7 63 6B FD 2B 3C 4D 5E

