Raw dump (440 bytes)
D4 C3 B2 A1 E0 00 00 00 00 00 00 00 C5 98 02 13
46 36 18 05 00 00 00 00 00 00 00 00 00 00 00 00
00 00 00 00 86 86 7C 01 08 26 C0 00 00 A5 00 0F
46 AD F8 AE 00 00 00 00 71 18 20 05 FB FF FF FF
14 00 00 56 0C 00 07 00 16 00 5C ED 00 00 00 00
00 00 08 00 00 00 00 00 00 00 00 00 00 00 00 00
00 00 00 00 00 00 00 00 00 00 00 00 00 00 00 00
00 00 00 00 00 00 00 00 00 00 00 00 00 00 00 00
00 00 00 00 00 00 00 00 00 00 00 00 00 00 00 00
00 00 00 00 00 00 00 00 00 00 00 00 00 00 00 00
00 00 00 00 00 00 00 00 00 00 00 00 00 00 00 00
00 00 00 00 00 00 00 00 00 00 00 00 00 00 00 00
00 00 00 00 00 00 00 00 00 00 00 00 60 AF B0 18
00 00 00 00 04 95 B1 67 4A 02 F2 F9 2B 3C 4D 5E
D4 C3 B2 A1 D8 00 00 00 00 00 00 00 C5 98 02 13
46 36 23 04 00 00 00 00 00 00 00 00 00 00 00 00
00 00 00 00 86 86 7D 01 08 25 C0 00 00 9D 00 0F
46 AF 02 8E 00 00 00 00 65 18 14 05 1C 00 00 00
00 00 00 00 00 00 00 00 00 00 00 00 00 00 00 00
00 00 00 00 00 00 00 00 00 00 00 00 00 00 00 00
00 00 00 00 00 00 00 00 00 00 00 00 00 00 00 00
00 00 00 00 00 00 00 00 00 00 00 00 00 00 00 00
00 00 00 00 00 00 00 00 00 00 00 00 00 00 00 00
00 00 00 00 00 00 00 00 00 00 00 00 00 00 00 00
00 00 00 00 00 00 00 00 00 00 00 00 00 00 00 00
00 00 00 00 00 00 00 00 00 00 00 00 00 00 00 00
00 00 00 00 00 00 00 00 00 00 00 00 C1 AA F6 10
2B 74 40 FF 2B 3C 4D 5E 
