Raw dump (1140 bytes)
D4 C3 B2 A1 E4 00 00 00 00 00 00 00 C5 99 02 11
56 03 48 09 00 00 00 00 00 00 00 00 00 00 00 00
00 00 00 00 86 83 7D 01 08 1A C0 01 00 A9 00 0F
46 59 40 39 00 00 07 07 07 07 07 00 00 00 00 00
00 00 00 00 00 01 00 03 00 01 00 56 46 0F 00 32
0E E4 03 02 00 00 00 21 01 8A FF 2A 01 02 00 00
00 05 04 00 EE C5 00 00 14 01 88 88 01 4B 01 01
00 00 00 08 01 EF 3F 00 00 00 00 00 00 00 00 01
00 00 00 00 00 02 00 03 00 01 00 E8 01 06 00 09
01 D8 00 2D 00 00 00 00 00 07 03 01 17 00 17 00
00 00 00 00 00 00 00 00 00 00 00 00 00 00 00 00
02 02 02 02 02 02 03 03 01 01 01 01 02 00 01 00
00 00 00 00 00 00 00 00 00 00 00 00 00 00 00 00
00 00 00 00 00 00 00 00 25 BB 57 6A 78 9D 0F FD
2B 3C 4D 5E D4 C3 B2 A1 E4 00 00 00 00 00 00 00
C5 99 02 11 56 03 53 01 00 00 00 00 00 00 00 00
00 00 00 00 00 00 00 00 86 83 7F 01 08 1A C0 02
00 A9 00 0F 46 5A 40 38 00 00 07 07 07 07 07 00
00 00 00 00 00 00 00 00 00 01 00 03 00 01 00 56
46 0F 00 32 0E E4 03 02 00 00 00 21 01 8A FF 2A
01 02 00 00 00 05 04 00 EE C5 00 00 14 01 88 88
01 4B 01 01 00 00 00 08 01 EF 3F 00 00 00 00 00
00 00 00 01 00 00 00 00 00 02 00 03 00 01 00 E8
01 06 00 09 01 D8 00 2D 00 00 00 00 00 07 03 01
17 00 17 00 00 00 00 00 00 00 00 00 00 00 00 00
00 00 00 00 02 02 02 02 02 02 03 03 01 01 01 01
02 00 01 00 00 00 00 00 00 00 00 00 00 00 00 00
00 00 00 00 00 00 00 00 00 00 00 00 C0 A4 09 56
D6 C3 11 FC 2B 3C 4D 5E D4 C3 B2 A1 E4 00 00 00
00 00 00 00 C5 99 02 11 56 04 99 01 00 00 00 00
00 00 00 00 00 00 00 00 00 00 00 00 86 83 7B 01
08 1A C0 03 00 A9 00 0F 46 5A C0 2B 00 00 07 07
07 07 07 00 00 00 00 00 00 00 00 00 00 01 00 03
00 01 00 56 46 0F 00 32 0E E4 03 02 00 00 00 21
01 8A FF 2A 01 02 00 00 00 05 04 00 EE C5 00 00
14 01 88 88 01 4B 01 01 00 00 00 08 01 EF 3F 00
00 00 00 00 00 00 00 01 00 00 00 00 00 02 00 03
00 01 00 E8 01 06 00 09 01 D8 00 2D 00 00 00 00
00 07 03 01 17 00 17 00 00 00 00 00 00 00 00 00
00 00 00 00 00 00 00 00 02 02 02 02 02 02 03 03
01 01 01 01 02 00 01 00 00 00 00 00 00 00 00 00
00 00 00 00 00 00 00 00 00 00 00 00 00 00 00 00
92 2B E5 C5 20 FB FD FF 2B 3C 4D 5E D4 C3 B2 A1
E4 00 00 00 00 00 00 00 C5 99 02 11 56 05 03 02
00 00 00 00 00 00 00 00 00 00 00 00 00 00 00 00
86 83 7C 01 08 1A C0 04 00 A9 00 0F 46 5B C0 3E
00 00 07 07 07 07 07 00 00 00 00 00 00 00 00 00
00 01 00 03 00 01 00 56 46 0F 00 32 0E E4 03 02
00 00 00 21 01 8A FF 2A 01 02 00 00 00 05 04 00
EE C5 00 00 14 01 88 88 01 4B 01 01 00 00 00 08
01 EF 3F 00 00 00 00 00 00 00 00 01 00 00 00 00
00 02 00 03 00 01 00 E8 01 06 00 09 01 D8 00 2D
00 00 00 00 00 07 03 01 17 00 17 00 00 00 00 00
00 00 00 00 00 00 00 00 00 00 00 00 02 02 02 02
02 02 03 03 01 01 01 01 02 00 01 00 00 00 00 00
00 00 00 00 00 00 00 00 00 00 00 00 00 00 00 00
00 00 00 00 31 25 2E 1A B5 BB D8 F8 2B 3C 4D 5E
D4 C3 B2 A1 E4 00 00 00 00 00 00 00 C5 99 02 11
56 06 49 03 00 00 00 00 00 00 00 00 00 00 00 00
00 00 00 00 86 83 7D 01 08 1A C0 05 00 A9 00 0F
46 5C 40 69 00 00 07 07 07 07 07 00 00 0B 00 01
00 00 00 07 00 01 00 03 00 01 00 56 46 0F 00 32
0E E4 03 02 00 00 00 21 01 8A FF 2A 01 02 00 00
00 05 04 00 EE C5 00 00 14 01 88 88 01 4B 01 01
00 00 00 08 01 EF 3F 00 00 00 00 00 00 00 00 01
00 00 00 00 00 02 00 03 00 01 00 E8 01 06 00 09
01 D8 00 2D 00 00 00 00 00 07 03 01 17 00 17 00
00 00 00 00 00 00 00 00 00 00 00 00 00 00 00 00
02 02 02 02 02 02 03 03 01 01 01 01 02 00 01 00
00 00 00 00 00 00 00 00 00 00 00 00 00 00 00 00
00 00 00 00 00 00 00 00 62 84 34 B2 3D 4A 08 F9
2B 3C 4D 5E 
