Raw dump (1836 bytes)
D4 C3 B2 A1 04 01 00 00 00 00 00 00 C5 99 02 11
42 36 18 01 00 00 00 00 00 00 00 00 00 00 00 00
00 00 00 00 86 86 7C 01 08 25 C0 00 02 15 00 0F
46 B2 C5 D9 00 00 00 00 30 18 02 02 03 00 01 C0
00 00 00 00 00 00 00 00 00 00 00 00 00 00 00 00
00 00 00 00 00 00 00 00 00 00 00 00 00 00 00 00
00 00 00 00 00 00 00 00 00 00 00 00 00 00 00 00
00 00 00 00 00 00 00 00 00 00 00 00 00 00 00 00
00 00 00 00 00 00 00 00 00 00 00 00 00 00 00 00
00 00 00 00 00 00 00 00 00 00 00 00 00 00 00 00
00 00 00 00 00 00 00 00 00 00 00 00 00 00 00 00
00 00 00 00 00 00 00 00 00 00 00 00 00 00 00 00
00 00 00 00 00 00 00 00 00 00 00 00 00 00 00 00
00 00 00 00 00 00 00 00 00 00 00 00 00 00 00 00
00 00 00 00 00 00 00 00 00 00 00 00 00 00 00 00
00 00 00 00 00 00 00 00 B3 66 15 91 A7 0A 86 FC
2B 3C 4D 5E D4 C3 B2 A1 04 01 00 00 00 00 00 00
C5 99 02 11 42 36 23 08 00 00 00 00 00 00 00 00
00 00 00 00 00 00 00 00 86 86 7D 01 00 00 00 00
00 00 00 00 00 00 00 00 00 00 00 00 00 00 00 00
00 00 00 00 00 00 00 00 00 00 00 00 00 00 00 00
00 00 00 00 00 00 00 00 00 00 00 00 00 00 00 00
00 00 00 00 00 00 00 00 00 00 00 00 00 00 00 00
00 00 00 00 00 00 00 00 00 00 00 00 00 00 00 00
00 00 00 00 00 00 00 00 00 00 00 00 00 00 00 00
00 00 00 00 00 00 00 00 00 00 00 00 00 00 00 00
00 00 00 00 00 00 00 00 00 00 00 00 00 00 00 00
00 00 00 00 00 00 00 00 00 00 00 00 00 00 00 00
00 00 00 00 00 00 00 00 00 00 00 00 00 00 00 00
00 00 00 00 00 00 00 00 00 00 00 00 00 00 00 00
00 00 00 00 00 00 00 00 00 00 00 00 00 00 00 00
00 00 00 00 00 00 00 00 00 00 00 00 4D 87 9A 4E
E5 9A 88 FB 2B 3C 4D 5E D4 C3 B2 A1 B0 00 00 00
00 00 00 00 C5 99 02 11 42 36 27 01 00 00 00 00
00 00 00 00 00 00 00 00 00 00 00 00 86 86 7E 01
00 00 00 00 00 00 00 00 00 00 00 00 00 00 00 00
00 00 00 00 00 00 00 00 00 00 00 00 00 00 00 00
00 00 00 00 00 00 00 00 00 00 00 00 00 00 00 00
00 00 00 00 00 00 00 00 00 00 00 00 00 00 00 00
00 00 00 00 00 00 00 00 00 00 00 00 00 00 00 00
00 00 00 00 00 00 00 00 00 00 00 00 00 00 00 00
00 00 00 00 00 00 00 00 00 00 00 00 00 00 00 00
00 00 00 00 00 00 00 00 00 00 00 00 D7 1B D3 64
FA 27 FE FD 2B 3C 4D 5E D4 C3 B2 A1 E4 00 00 00
00 00 00 00 C5 99 02 11 42 36 32 00 00 00 00 00
00 00 00 00 00 00 00 00 00 00 00 00 86 83 7F 01
08 1A C0 06 00 A9 00 0F 46 B3 3C 3A 00 00 07 07
07 07 07 00 00 0B 00 01 00 00 00 07 00 01 00 04
00 01 00 B0 46 0F 00 90 1F E0 09 06 00 00 00 21
01 98 FF 2A 01 02 00 00 00 05 04 00 15 C9 00 00
07 01 88 88 01 4B 01 01 00 00 00 FD 00 DB 3F 00
00 00 00 00 00 00 00 01 00 00 00 00 00 02 00 03
00 01 00 E8 01 06 00 12 01 E4 00 2D 00 00 00 00
00 07 03 01 16 00 16 00 00 00 00 00 00 00 00 00
00 00 00 00 00 00 00 00 02 02 02 02 02 02 03 03
01 01 01 01 02 00 01 00 00 00 00 00 00 00 00 00
00 00 00 00 00 00 00 00 00 00 00 00 00 00 00 00
8D FD A1 89 D3 44 21 F8 2B 3C 4D 5E D4 C3 B2 A1
E4 00 00 00 00 00 00 00 C5 99 02 11 42 37 77 02
00 00 00 00 00 00 00 00 00 00 00 00 00 00 00 00
86 83 7C 01 08 1A C0 07 00 A9 00 0F 46 B4 3C 38
00 00 07 07 07 07 07 00 00 0B 00 01 00 00 00 07
00 01 00 04 00 01 00 B0 46 0F 00 90 1F E0 09 06
00 00 00 21 01 98 FF 2A 01 02 00 00 00 05 04 00
15 C9 00 00 07 01 88 88 01 4B 01 01 00 00 00 FD
00 DB 3F 00 00 00 00 00 00 00 00 01 00 00 00 00
00 02 00 03 00 01 00 E8 01 06 00 12 01 E4 00 2D
00 00 00 00 00 07 03 01 16 00 16 00 00 00 00 00
00 00 00 00 00 00 00 00 00 00 00 00 02 02 02 02
02 02 03 03 01 01 01 01 02 00 01 00 00 00 00 00
00 00 00 00 00 00 00 00 00 00 00 00 00 00 00 00
00 00 00 00 27 6A 8D 05 53 9F 52 FF 2B 3C 4D 5E
D4 C3 B2 A1 E4 00 00 00 00 00 00 00 C5 99 02 11
42 37 82 01 00 00 00 00 00 00 00 00 00 00 00 00
00 00 00 00 86 83 7D 01 08 1A C0 08 00 A9 00 0F
46 B4 BC 2D 00 00 07 07 07 07 07 00 00 0B 00 01
00 00 00 07 00 01 00 04 00 01 00 B0 46 0F 00 90
1F E0 09 06 00 00 00 21 01 98 FF 2A 01 02 00 00
00 05 04 00 15 C9 00 00 07 01 88 88 01 4B 01 01
00 00 00 FD 00 DB 3F 00 00 00 00 00 00 00 00 01
00 00 00 00 00 02 00 03 00 01 00 E8 01 06 00 12
01 E4 00 2D 00 00 00 00 00 07 03 01 16 00 16 00
00 00 00 00 00 00 00 00 00 00 00 00 00 00 00 00
02 02 02 02 02 02 03 03 01 01 01 01 02 00 01 00
00 00 00 00 00 00 00 00 00 00 00 00 00 00 00 00
00 00 00 00 00 00 00 00 53 4A 82 6B 30 60 CE FD
2B 3C 4D 5E D4 C3 B2 A1 E4 00 00 00 00 00 00 00
C5 99 02 11 42 39 27 04 00 00 00 00 00 00 00 00
00 00 00 00 00 00 00 00 86 83 7E 01 08 1A C0 09
00 A9 00 0F 46 B5 BC 56 00 00 07 07 07 07 07 00
00 0B 00 01 00 00 00 07 00 01 00 04 00 01 00 B0
46 0F 00 90 1F E0 09 06 00 00 00 21 01 98 FF 2A
01 02 00 00 00 05 04 00 15 C9 00 00 07 01 88 88
01 4B 01 01 00 00 00 FD 00 DB 3F 00 00 00 00 00
00 00 00 01 00 00 00 00 00 02 00 03 00 01 00 E8
01 06 00 12 01 E4 00 2D 00 00 00 00 00 07 03 01
16 00 16 00 00 00 00 00 00 00 00 00 00 00 00 00
00 00 00 00 02 02 02 02 02 02 03 03 01 01 01 01
02 00 01 00 00 00 00 00 00 00 00 00 00 00 00 00
00 00 00 00 00 00 00 00 00 00 00 00 82 9A 05 6C
CE C6 5B FA 2B 3C 4D 5E D4 C3 B2 A1 E4 00 00 00
00 00 00 00 C5 99 02 11 42 39 32 02 00 00 00 00
00 00 00 00 00 00 00 00 00 00 00 00 86 83 7F 01
08 1A C0 0A 00 A9 00 0F 46 B6 3C 46 00 00 07 07
07 07 07 00 00 16 00 02 00 00 00 0E 00 01 00 04
00 01 00 B0 46 0F 00 90 1F E0 09 06 00 00 00 21
01 98 FF 2A 01 02 00 00 00 05 04 00 15 C9 00 00
07 01 88 88 01 4B 01 01 00 00 00 FD 00 DB 3F 00
00 00 00 00 00 00 00 01 00 00 00 00 00 02 00 03
00 01 00 E8 01 06 00 12 01 E4 00 2D 00 00 00 00
00 07 03 01 16 00 16 00 00 00 00 00 00 00 00 00
00 00 00 00 00 00 00 00 02 02 02 02 02 02 03 03
01 01 01 01 02 00 01 00 00 00 00 00 00 00 00 00
00 00 00 00 00 00 00 00 00 00 00 00 00 00 00 00
51 66 A8 3F 32 80 5B FE 2B 3C 4D 5E 
