Raw dump (1836 bytes)
D4 C3 B2 A1 04 01 00 00 00 00 00 00 C5 99 02 11
43 21 17 01 00 00 00 00 00 00 00 00 00 00 00 00
00 00 00 00 86 86 7F 01 08 25 C0 00 02 15 00 0F
46 DF C7 D4 00 00 00 00 30 18 02 02 03 00 01 C0
00 00 00 00 00 00 00 00 00 00 00 00 00 00 00 00
00 00 00 00 00 00 00 00 00 00 00 00 00 00 00 00
00 00 00 00 00 00 00 00 00 00 00 00 00 00 00 00
00 00 00 00 00 00 00 00 00 00 00 00 00 00 00 00
00 00 00 00 00 00 00 00 00 00 00 00 00 00 00 00
00 00 00 00 00 00 00 00 00 00 00 00 00 00 00 00
00 00 00 00 00 00 00 00 00 00 00 00 00 00 00 00
00 00 00 00 00 00 00 00 00 00 00 00 00 00 00 00
00 00 00 00 00 00 00 00 00 00 00 00 00 00 00 00
00 00 00 00 00 00 00 00 00 00 00 00 00 00 00 00
00 00 00 00 00 00 00 00 00 00 00 00 00 00 00 00
00 00 00 00 00 00 00 00 E5 5E 14 03 0D BA 46 F9
2B 3C 4D 5E D4 C3 B2 A1 04 01 00 00 00 00 00 00
C5 99 02 11 43 21 22 09 00 00 00 00 00 00 00 00
00 00 00 00 00 00 00 00 86 86 7B 01 00 00 00 00
00 00 00 00 00 00 00 00 00 00 00 00 00 00 00 00
00 00 00 00 00 00 00 00 00 00 00 00 00 00 00 00
00 00 00 00 00 00 00 00 00 00 00 00 00 00 00 00
00 00 00 00 00 00 00 00 00 00 00 00 00 00 00 00
00 00 00 00 00 00 00 00 00 00 00 00 00 00 00 00
00 00 00 00 00 00 00 00 00 00 00 00 00 00 00 00
00 00 00 00 00 00 00 00 00 00 00 00 00 00 00 00
00 00 00 00 00 00 00 00 00 00 00 00 00 00 00 00
00 00 00 00 00 00 00 00 00 00 00 00 00 00 00 00
00 00 00 00 00 00 00 00 00 00 00 00 00 00 00 00
00 00 00 00 00 00 00 00 00 00 00 00 00 00 00 00
00 00 00 00 00 00 00 00 00 00 00 00 00 00 00 00
00 00 00 00 00 00 00 00 00 00 00 00 4D 87 9A 4E
CC C1 54 FE 2B 3C 4D 5E D4 C3 B2 A1 B0 00 00 00
00 00 00 00 C5 99 02 11 43 21 26 09 00 00 00 00
00 00 00 00 00 00 00 00 00 00 00 00 86 86 7C 01
00 00 00 00 00 00 00 00 00 00 00 00 00 00 00 00
00 00 00 00 00 00 00 00 00 00 00 00 00 00 00 00
00 00 00 00 00 00 00 00 00 00 00 00 00 00 00 00
00 00 00 00 00 00 00 00 00 00 00 00 00 00 00 00
00 00 00 00 00 00 00 00 00 00 00 00 00 00 00 00
00 00 00 00 00 00 00 00 00 00 00 00 00 00 00 00
00 00 00 00 00 00 00 00 00 00 00 00 00 00 00 00
00 00 00 00 00 00 00 00 00 00 00 00 D7 1B D3 64
B4 D4 80 FF 2B 3C 4D 5E D4 C3 B2 A1 E4 00 00 00
00 00 00 00 C5 99 02 11 43 21 31 00 00 00 00 00
00 00 00 00 00 00 00 00 00 00 00 00 86 83 7D 01
08 1A C0 0B 00 A9 00 0F 46 E0 3C 2A 00 00 07 07
07 07 07 00 00 16 00 02 00 00 00 0E 00 01 00 05
00 01 00 DD 46 0F 00 60 E9 D7 0B 09 00 00 00 21
01 8C FF 2A 01 02 00 00 00 05 04 00 E8 C8 00 00
09 01 88 88 01 4B 01 01 00 00 00 FE 00 DB 3F 00
00 00 00 00 00 00 00 01 00 00 00 00 00 02 00 03
00 01 00 E8 01 06 00 12 01 D8 00 2D 00 00 00 00
00 07 03 01 16 00 16 00 00 00 00 00 00 00 00 00
00 00 00 00 00 00 00 00 02 02 02 02 02 02 03 03
01 01 01 01 01 00 01 00 00 00 00 00 00 00 00 00
00 00 00 00 00 00 00 00 00 00 00 00 00 00 00 00
F2 BA 4B A5 E0 3B BC FF 2B 3C 4D 5E D4 C3 B2 A1
E4 00 00 00 00 00 00 00 C5 99 02 11 43 22 77 00
00 00 00 00 00 00 00 00 00 00 00 00 00 00 00 00
86 83 7F 01 08 1A C0 0C 00 A9 00 0F 46 E1 3C 3B
00 00 07 07 07 07 07 00 00 16 00 02 00 00 00 0E
00 01 00 05 00 01 00 DD 46 0F 00 60 E9 D7 0B 09
00 00 00 21 01 8C FF 2A 01 02 00 00 00 05 04 00
E8 C8 00 00 09 01 88 88 01 4B 01 01 00 00 00 FE
00 DB 3F 00 00 00 00 00 00 00 00 01 00 00 00 00
00 02 00 03 00 01 00 E8 01 06 00 12 01 D8 00 2D
00 00 00 00 00 07 03 01 16 00 16 00 00 00 00 00
00 00 00 00 00 00 00 00 00 00 00 00 02 02 02 02
02 02 03 03 01 01 01 01 01 00 01 00 00 00 00 00
00 00 00 00 00 00 00 00 00 00 00 00 00 00 00 00
00 00 00 00 28 CB A9 13 13 12 3D FB 2B 3C 4D 5E
D4 C3 B2 A1 E4 00 00 00 00 00 00 00 C5 99 02 11
43 22 81 09 00 00 00 00 00 00 00 00 00 00 00 00
00 00 00 00 86 83 7B 01 08 1A C0 0D 00 A9 00 0F
46 E1 BC 2D 00 00 07 07 07 07 07 00 00 16 00 02
00 00 00 0E 00 01 00 05 00 01 00 DD 46 0F 00 60
E9 D7 0B 09 00 00 00 21 01 8C FF 2A 01 02 00 00
00 05 04 00 E8 C8 00 00 09 01 88 88 01 4B 01 01
00 00 00 FE 00 DB 3F 00 00 00 00 00 00 00 00 01
00 00 00 00 00 02 00 03 00 01 00 E8 01 06 00 12
01 D8 00 2D 00 00 00 00 00 07 03 01 16 00 16 00
00 00 00 00 00 00 00 00 00 00 00 00 00 00 00 00
02 02 02 02 02 02 03 03 01 01 01 01 01 00 01 00
00 00 00 00 00 00 00 00 00 00 00 00 00 00 00 00
00 00 00 00 00 00 00 00 5C 1F BB 0F 82 63 AD FA
2B 3C 4D 5E D4 C3 B2 A1 E4 00 00 00 00 00 00 00
C5 99 02 11 43 24 27 02 00 00 00 00 00 00 00 00
00 00 00 00 00 00 00 00 86 83 7C 01 08 1A C0 0E
00 A9 00 0F 46 E2 BC 56 00 00 07 07 07 07 07 00
00 16 00 02 00 00 00 0E 00 01 00 05 00 01 00 DD
46 0F 00 60 E9 D7 0B 09 00 00 00 21 01 8C FF 2A
01 02 00 00 00 05 04 00 E8 C8 00 00 09 01 88 88
01 4B 01 01 00 00 00 FE 00 DB 3F 00 00 00 00 00
00 00 00 01 00 00 00 00 00 02 00 03 00 01 00 E8
01 06 00 12 01 D8 00 2D 00 00 00 00 00 07 03 01
16 00 16 00 00 00 00 00 00 00 00 00 00 00 00 00
00 00 00 00 02 02 02 02 02 02 03 03 01 01 01 01
01 00 01 00 00 00 00 00 00 00 00 00 00 00 00 00
00 00 00 00 00 00 00 00 00 00 00 00 5E 1D CD 64
D2 B6 01 F8 2B 3C 4D 5E D4 C3 B2 A1 E4 00 00 00
00 00 00 00 C5 99 02 11 43 24 31 03 00 00 00 00
00 00 00 00 00 00 00 00 00 00 00 00 86 83 7D 01
08 1A C0 0F 00 A9 00 0F 46 E3 3C 56 00 00 07 07
07 07 07 00 00 16 00 02 00 00 00 0E 00 01 00 05
00 01 00 DD 46 0F 00 60 E9 D7 0B 09 00 00 00 21
01 8C FF 2A 01 02 00 00 00 05 04 00 E8 C8 00 00
09 01 88 88 01 4B 01 01 00 00 00 FE 00 DB 3F 00
00 00 00 00 00 00 00 01 00 00 00 00 00 02 00 03
00 01 00 E8 01 06 00 12 01 D8 00 2D 00 00 00 00
00 07 03 01 16 00 16 00 00 00 00 00 00 00 00 00
00 00 00 00 00 00 00 00 02 02 02 02 02 02 03 03
01 01 01 01 01 00 01 00 00 00 00 00 00 00 00 00
00 00 00 00 00 00 00 00 00 00 00 00 00 00 00 00
18 66 DE 21 90 7F 5B FE 2B 3C 4D 5E 
