Raw dump (672 bytes)
D4 C3 B2 A1 E0 00 00 00 00 00 00 00 C5 98 02 13
15 56 26 07 00 00 00 00 00 00 00 00 00 00 00 00
00 00 00 00 86 86 7F 01 08 26 C0 00 00 A5 00 0F
46 8A 57 EA 00 00 00 00 71 18 20 05 FB FF FF FF
14 00 B0 55 0C 00 07 00 16 00 5C ED 00 00 00 00
00 00 08 00 00 00 00 00 00 00 00 00 00 00 00 00
00 00 00 00 00 00 00 00 00 00 00 00 00 00 00 00
00 00 00 00 00 00 00 00 00 00 00 00 00 00 00 00
00 00 00 00 00 00 00 00 00 00 00 00 00 00 00 00
00 00 00 00 00 00 00 00 00 00 00 00 00 00 00 00
00 00 00 00 00 00 00 00 00 00 00 00 00 00 00 00
00 00 00 00 00 00 00 00 00 00 00 00 00 00 00 00
00 00 00 00 00 00 00 00 00 00 00 00 2B 89 EC 03
00 00 00 00 A5 5B B3 D2 F1 B9 8A FD 2B 3C 4D 5E
D4 C3 B2 A1 E0 00 00 00 00 00 00 00 C5 98 02 13
15 56 31 06 00 00 00 00 00 00 00 00 00 00 00 00
00 00 00 00 86 86 7B 01 08 26 C0 00 00 A5 00 0F
46 8A 58 59 00 00 00 00 71 18 0A 05 FB FF FF FF
00 00 00 00 00 00 00 00 00 00 00 00 00 00 00 00
00 00 00 00 00 00 00 00 00 00 00 00 00 00 00 00
00 00 00 00 00 00 00 00 00 00 00 00 00 00 00 00
00 00 00 00 00 00 00 00 00 00 00 00 00 00 00 00
00 00 00 00 00 00 00 00 00 00 00 00 00 00 00 00
00 00 00 00 00 00 00 00 00 00 00 00 00 00 00 00
00 00 00 00 00 00 00 00 00 00 00 00 00 00 00 00
00 00 00 00 00 00 00 00 00 00 00 00 00 00 00 00
00 00 00 00 00 00 00 00 00 00 00 00 2B 89 EC 03
00 00 00 00 C8 6E D1 C9 A2 5B DA FB 2B 3C 4D 5E
D4 C3 B2 A1 E0 00 00 00 00 00 00 00 C5 98 02 13
15 56 35 08 00 00 00 00 00 00 00 00 00 00 00 00
00 00 00 00 86 86 7C 01 08 26 C0 00 00 A5 00 0F
46 8A E3 E6 00 00 00 00 71 18 1F 05 FB FF FF FF
40 00 2C ED 3A B6 2C ED 3A B6 44 ED 3A B6 B0 55
0C 00 07 00 16 01 5C ED 3A B6 00 00 00 00 40 ED
3A B6 94 ED 3A B6 94 ED 3A B6 08 00 00 00 B0 55
0C 00 07 00 16 00 5C ED 00 00 00 00 00 00 08 00
00 00 00 00 00 00 00 00 00 00 00 00 00 00 00 00
00 00 00 00 00 00 00 00 00 00 00 00 00 00 00 00
00 00 00 00 00 00 00 00 00 00 00 00 00 00 00 00
00 00 00 00 00 00 00 00 00 00 00 00 00 00 00 00
00 00 00 00 00 00 00 00 00 00 00 00 2B 89 EC 03
00 00 00 00 14 45 B3 17 0F 6C 79 F8 2B 3C 4D 5E

