Raw dump (1836 bytes)
D4 C3 B2 A1 04 01 00 00 00 00 00 00 C5 99 02 11
45 36 24 02 00 00 00 00 00 00 00 00 00 00 00 00
00 00 00 00 86 86 7E 01 08 25 C0 00 02 15 00 0F
47 66 C3 CB 00 00 00 00 30 18 02 02 03 00 01 C0
00 00 00 00 00 00 00 00 00 00 00 00 00 00 00 00
00 00 00 00 00 00 00 00 00 00 00 00 00 00 00 00
00 00 00 00 00 00 00 00 00 00 00 00 00 00 00 00
00 00 00 00 00 00 00 00 00 00 00 00 00 00 00 00
00 00 00 00 00 00 00 00 00 00 00 00 00 00 00 00
00 00 00 00 00 00 00 00 00 00 00 00 00 00 00 00
00 00 00 00 00 00 00 00 00 00 00 00 00 00 00 00
00 00 00 00 00 00 00 00 00 00 00 00 00 00 00 00
00 00 00 00 00 00 00 00 00 00 00 00 00 00 00 00
00 00 00 00 00 00 00 00 00 00 00 00 00 00 00 00
00 00 00 00 00 00 00 00 00 00 00 00 00 00 00 00
00 00 00 00 00 00 00 00 22 23 4A 00 16 B7 76 FC
2B 3C 4D 5E D4 C3 B2 A1 04 01 00 00 00 00 00 00
C5 99 02 11 45 36 29 09 00 00 00 00 00 00 00 00
00 00 00 00 00 00 00 00 86 86 7F 01 00 00 00 00
00 00 00 00 00 00 00 00 00 00 00 00 00 00 00 00
00 00 00 00 00 00 00 00 00 00 00 00 00 00 00 00
00 00 00 00 00 00 00 00 00 00 00 00 00 00 00 00
00 00 00 00 00 00 00 00 00 00 00 00 00 00 00 00
00 00 00 00 00 00 00 00 00 00 00 00 00 00 00 00
00 00 00 00 00 00 00 00 00 00 00 00 00 00 00 00
00 00 00 00 00 00 00 00 00 00 00 00 00 00 00 00
00 00 00 00 00 00 00 00 00 00 00 00 00 00 00 00
00 00 00 00 00 00 00 00 00 00 00 00 00 00 00 00
00 00 00 00 00 00 00 00 00 00 00 00 00 00 00 00
00 00 00 00 00 00 00 00 00 00 00 00 00 00 00 00
00 00 00 00 00 00 00 00 00 00 00 00 00 00 00 00
00 00 00 00 00 00 00 00 00 00 00 00 4D 87 9A 4E
C4 CF B1 FC 2B 3C 4D 5E D4 C3 B2 A1 B0 00 00 00
00 00 00 00 C5 99 02 11 45 36 33 02 00 00 00 00
00 00 00 00 00 00 00 00 00 00 00 00 86 86 7B 01
00 00 00 00 00 00 00 00 00 00 00 00 00 00 00 00
00 00 00 00 00 00 00 00 00 00 00 00 00 00 00 00
00 00 00 00 00 00 00 00 00 00 00 00 00 00 00 00
00 00 00 00 00 00 00 00 00 00 00 00 00 00 00 00
00 00 00 00 00 00 00 00 00 00 00 00 00 00 00 00
00 00 00 00 00 00 00 00 00 00 00 00 00 00 00 00
00 00 00 00 00 00 00 00 00 00 00 00 00 00 00 00
00 00 00 00 00 00 00 00 00 00 00 00 D7 1B D3 64
71 A5 28 FC 2B 3C 4D 5E D4 C3 B2 A1 E4 00 00 00
00 00 00 00 C5 99 02 11 45 36 38 01 00 00 00 00
00 00 00 00 00 00 00 00 00 00 00 00 86 83 7C 01
08 1A C0 1A 00 A9 00 0F 47 67 3C 39 00 00 07 07
07 07 07 00 00 37 00 05 00 00 00 23 00 01 00 08
00 01 00 64 47 0F 00 B9 56 D6 0B 0F 00 00 00 21
01 87 FF 2A 01 02 00 00 00 05 04 00 61 C8 00 00
0F 01 88 88 01 4B 01 01 00 00 00 01 01 DB 3F 00
00 00 00 00 00 00 00 01 00 00 00 00 00 02 00 03
00 01 00 E8 01 06 00 12 01 D8 00 2D 00 00 00 00
00 07 03 01 16 00 16 00 00 00 00 00 00 00 00 00
00 00 00 00 00 00 00 00 02 02 02 02 02 02 03 03
01 01 01 01 02 00 01 00 00 00 00 00 00 00 00 00
00 00 00 00 00 00 00 00 00 00 00 00 00 00 00 00
C8 6E 24 47 BE 50 F6 FA 2B 3C 4D 5E D4 C3 B2 A1
E4 00 00 00 00 00 00 00 C5 99 02 11 45 37 83 03
00 00 00 00 00 00 00 00 00 00 00 00 00 00 00 00
86 83 7E 01 08 1A C0 1B 00 A9 00 0F 47 68 3C 3D
00 00 07 07 07 07 07 00 00 37 00 05 00 00 00 23
00 01 00 08 00 01 00 64 47 0F 00 B9 56 D6 0B 0F
00 00 00 21 01 87 FF 2A 01 02 00 00 00 05 04 00
61 C8 00 00 0F 01 88 88 01 4B 01 01 00 00 00 01
01 DB 3F 00 00 00 00 00 00 00 00 01 00 00 00 00
00 02 00 03 00 01 00 E8 01 06 00 12 01 D8 00 2D
00 00 00 00 00 07 03 01 16 00 16 00 00 00 00 00
00 00 00 00 00 00 00 00 00 00 00 00 02 02 02 02
02 02 03 03 01 01 01 01 02 00 01 00 00 00 00 00
00 00 00 00 00 00 00 00 00 00 00 00 00 00 00 00
00 00 00 00 09 85 2B 26 B1 68 76 FE 2B 3C 4D 5E
D4 C3 B2 A1 E4 00 00 00 00 00 00 00 C5 99 02 11
45 37 88 02 00 00 00 00 00 00 00 00 00 00 00 00
00 00 00 00 86 83 7F 01 08 1A C0 1C 00 A9 00 0F
47 68 BC 3C 00 00 07 07 07 07 07 00 00 37 00 05
00 00 00 23 00 01 00 08 00 01 00 64 47 0F 00 B9
56 D6 0B 0F 00 00 00 21 01 87 FF 2A 01 02 00 00
00 05 04 00 61 C8 00 00 0F 01 88 88 01 4B 01 01
00 00 00 01 01 DB 3F 00 00 00 00 00 00 00 00 01
00 00 00 00 00 02 00 03 00 01 00 E8 01 06 00 12
01 D8 00 2D 00 00 00 00 00 07 03 01 16 00 16 00
00 00 00 00 00 00 00 00 00 00 00 00 00 00 00 00
02 02 02 02 02 02 03 03 01 01 01 01 02 00 01 00
00 00 00 00 00 00 00 00 00 00 00 00 00 00 00 00
00 00 00 00 00 00 00 00 09 FF 25 9F D1 27 78 FC
2B 3C 4D 5E D4 C3 B2 A1 E4 00 00 00 00 00 00 00
C5 99 02 11 45 39 33 05 00 00 00 00 00 00 00 00
00 00 00 00 00 00 00 00 86 83 7B 01 08 1A C0 1D
00 A9 00 0F 47 69 BC 55 00 00 07 07 07 07 07 00
00 37 00 05 00 00 00 23 00 01 00 08 00 01 00 64
47 0F 00 B9 56 D6 0B 0F 00 00 00 21 01 87 FF 2A
01 02 00 00 00 05 04 00 61 C8 00 00 0F 01 88 88
01 4B 01 01 00 00 00 01 01 DB 3F 00 00 00 00 00
00 00 00 01 00 00 00 00 00 02 00 03 00 01 00 E8
01 06 00 12 01 D8 00 2D 00 00 00 00 00 07 03 01
16 00 16 00 00 00 00 00 00 00 00 00 00 00 00 00
00 00 00 00 02 02 02 02 02 02 03 03 01 01 01 01
02 00 01 00 00 00 00 00 00 00 00 00 00 00 00 00
00 00 00 00 00 00 00 00 00 00 00 00 86 76 DE 01
A7 44 F0 FA 2B 3C 4D 5E D4 C3 B2 A1 E4 00 00 00
00 00 00 00 C5 99 02 11 45 39 38 04 00 00 00 00
00 00 00 00 00 00 00 00 00 00 00 00 86 83 7C 01
08 1A C0 1E 00 A9 00 0F 47 6A 3C 51 00 00 07 07
07 07 07 00 00 42 00 06 00 00 00 2A 00 01 00 08
00 01 00 64 47 0F 00 B9 56 D6 0B 0F 00 00 00 21
01 87 FF 2A 01 02 00 00 00 05 04 00 61 C8 00 00
0F 01 88 88 01 4B 01 01 00 00 00 01 01 DB 3F 00
00 00 00 00 00 00 00 01 00 00 00 00 00 02 00 03
00 01 00 E8 01 06 00 12 01 D8 00 2D 00 00 00 00
00 07 03 01 16 00 16 00 00 00 00 00 00 00 00 00
00 00 00 00 00 00 00 00 02 02 02 02 02 02 03 03
01 01 01 01 02 00 01 00 00 00 00 00 00 00 00 00
00 00 00 00 00 00 00 00 00 00 00 00 00 00 00 00
DA EE DC E1 1F F3 E1 FF 2B 3C 4D 5E 
