Raw dump (1140 bytes)
D4 C3 B2 A1 E4 00 00 00 00 00 00 00 C5 99 02 11
56 48 48 05 00 00 00 00 00 00 00 00 00 00 00 00
00 00 00 00 86 83 7D 01 08 1A C0 06 00 A9 00 0F
46 86 40 48 00 00 07 07 07 07 07 00 00 0B 00 01
00 00 00 07 00 01 00 03 00 01 00 83 46 0F 00 32
25 ED 05 04 00 00 00 21 01 8A FF 2A 01 02 00 00
00 05 04 00 C1 C5 00 00 15 01 88 88 01 4B 01 01
00 00 00 08 01 EF 3F 00 00 00 00 00 00 00 00 01
00 00 00 00 00 02 00 03 00 01 00 E5 01 03 00 09
01 E4 00 2D 00 00 00 00 00 07 03 01 17 00 17 00
00 00 00 00 00 00 00 00 00 00 00 00 00 00 00 00
02 02 02 02 02 02 03 03 01 01 01 01 02 00 01 00
00 00 00 00 00 00 00 00 00 00 00 00 00 00 00 00
00 00 00 00 00 00 00 00 79 C4 A4 CF 4D 58 69 FE
2B 3C 4D 5E D4 C3 B2 A1 E4 00 00 00 00 00 00 00
C5 99 02 11 56 48 53 04 00 00 00 00 00 00 00 00
00 00 00 00 00 00 00 00 86 83 7F 01 08 1A C0 07
00 A9 00 0F 46 87 40 38 00 00 07 07 07 07 07 00
00 0B 00 01 00 00 00 07 00 01 00 03 00 01 00 83
46 0F 00 32 25 ED 05 04 00 00 00 21 01 8A FF 2A
01 02 00 00 00 05 04 00 C1 C5 00 00 15 01 88 88
01 4B 01 01 00 00 00 08 01 EF 3F 00 00 00 00 00
00 00 00 01 00 00 00 00 00 02 00 03 00 01 00 E5
01 03 00 09 01 E4 00 2D 00 00 00 00 00 07 03 01
17 00 17 00 00 00 00 00 00 00 00 00 00 00 00 00
00 00 00 00 02 02 02 02 02 02 03 03 01 01 01 01
02 00 01 00 00 00 00 00 00 00 00 00 00 00 00 00
00 00 00 00 00 00 00 00 00 00 00 00 BB 87 09 30
7C 4B 86 FE 2B 3C 4D 5E D4 C3 B2 A1 E4 00 00 00
00 00 00 00 C5 99 02 11 56 49 98 06 00 00 00 00
00 00 00 00 00 00 00 00 00 00 00 00 86 83 7B 01
08 1A C0 08 00 A9 00 0F 46 87 C0 2F 00 00 07 07
07 07 07 00 00 0B 00 01 00 00 00 07 00 01 00 03
00 01 00 83 46 0F 00 32 25 ED 05 04 00 00 00 21
01 8A FF 2A 01 02 00 00 00 05 04 00 C1 C5 00 00
15 01 88 88 01 4B 01 01 00 00 00 08 01 EF 3F 00
00 00 00 00 00 00 00 01 00 00 00 00 00 02 00 03
00 01 00 E5 01 03 00 09 01 E4 00 2D 00 00 00 00
00 07 03 01 17 00 17 00 00 00 00 00 00 00 00 00
00 00 00 00 00 00 00 00 02 02 02 02 02 02 03 03
01 01 01 01 02 00 01 00 00 00 00 00 00 00 00 00
00 00 00 00 00 00 00 00 00 00 00 00 00 00 00 00
71 EE A9 92 2D 6C DB FE 2B 3C 4D 5E D4 C3 B2 A1
E4 00 00 00 00 00 00 00 C5 99 02 11 56 50 03 05
00 00 00 00 00 00 00 00 00 00 00 00 00 00 00 00
86 83 7C 01 08 1A C0 09 00 A9 00 0F 46 88 C0 35
00 00 07 07 07 07 07 00 00 0B 00 01 00 00 00 07
00 01 00 03 00 01 00 83 46 0F 00 32 25 ED 05 04
00 00 00 21 01 8A FF 2A 01 02 00 00 00 05 04 00
C1 C5 00 00 15 01 88 88 01 4B 01 01 00 00 00 08
01 EF 3F 00 00 00 00 00 00 00 00 01 00 00 00 00
00 02 00 03 00 01 00 E5 01 03 00 09 01 E4 00 2D
00 00 00 00 00 07 03 01 17 00 17 00 00 00 00 00
00 00 00 00 00 00 00 00 00 00 00 00 02 02 02 02
02 02 03 03 01 01 01 01 02 00 01 00 00 00 00 00
00 00 00 00 00 00 00 00 00 00 00 00 00 00 00 00
00 00 00 00 65 DD A1 D1 68 DF A9 FC 2B 3C 4D 5E
D4 C3 B2 A1 E4 00 00 00 00 00 00 00 C5 99 02 11
56 51 48 08 00 00 00 00 00 00 00 00 00 00 00 00
00 00 00 00 86 83 7D 01 08 1A C0 0A 00 A9 00 0F
46 89 40 5A 00 00 07 07 07 07 07 00 00 0B 00 01
00 00 00 07 00 01 00 03 00 01 00 83 46 0F 00 32
25 ED 05 04 00 00 00 21 01 8A FF 2A 01 02 00 00
00 05 04 00 C1 C5 00 00 15 01 88 88 01 4B 01 01
00 00 00 08 01 EF 3F 00 00 00 00 00 00 00 00 01
00 00 00 00 00 02 00 03 00 01 00 E5 01 03 00 09
01 E4 00 2D 00 00 00 00 00 07 03 01 17 00 17 00
00 00 00 00 00 00 00 00 00 00 00 00 00 00 00 00
02 02 02 02 02 02 03 03 01 01 01 01 02 00 01 00
00 00 00 00 00 00 00 00 00 00 00 00 00 00 00 00
00 00 00 00 00 00 00 00 FA 30 EF 27 20 12 83 F9
2B 3C 4D 5E 
