Raw dump (1836 bytes)
D4 C3 B2 A1 04 01 00 00 00 00 00 00 C5 99 02 11
44 51 25 01 00 00 00 00 00 00 00 00 00 00 00 00
00 00 00 00 86 86 7B 01 08 25 C0 00 02 15 00 0F
47 39 CF E6 00 00 00 00 30 18 02 02 03 00 01 C0
00 00 00 00 00 00 00 00 00 00 00 00 00 00 00 00
00 00 00 00 00 00 00 00 00 00 00 00 00 00 00 00
00 00 00 00 00 00 00 00 00 00 00 00 00 00 00 00
00 00 00 00 00 00 00 00 00 00 00 00 00 00 00 00
00 00 00 00 00 00 00 00 00 00 00 00 00 00 00 00
00 00 00 00 00 00 00 00 00 00 00 00 00 00 00 00
00 00 00 00 00 00 00 00 00 00 00 00 00 00 00 00
00 00 00 00 00 00 00 00 00 00 00 00 00 00 00 00
00 00 00 00 00 00 00 00 00 00 00 00 00 00 00 00
00 00 00 00 00 00 00 00 00 00 00 00 00 00 00 00
00 00 00 00 00 00 00 00 00 00 00 00 00 00 00 00
00 00 00 00 00 00 00 00 C8 4E ED A8 3E F9 4C FC
2B 3C 4D 5E D4 C3 B2 A1 04 01 00 00 00 00 00 00
C5 99 02 11 44 51 30 00 00 00 00 00 00 00 00 00
00 00 00 00 00 00 00 00 86 86 7C 01 00 00 00 00
00 00 00 00 00 00 00 00 00 00 00 00 00 00 00 00
00 00 00 00 00 00 00 00 00 00 00 00 00 00 00 00
00 00 00 00 00 00 00 00 00 00 00 00 00 00 00 00
00 00 00 00 00 00 00 00 00 00 00 00 00 00 00 00
00 00 00 00 00 00 00 00 00 00 00 00 00 00 00 00
00 00 00 00 00 00 00 00 00 00 00 00 00 00 00 00
00 00 00 00 00 00 00 00 00 00 00 00 00 00 00 00
00 00 00 00 00 00 00 00 00 00 00 00 00 00 00 00
00 00 00 00 00 00 00 00 00 00 00 00 00 00 00 00
00 00 00 00 00 00 00 00 00 00 00 00 00 00 00 00
00 00 00 00 00 00 00 00 00 00 00 00 00 00 00 00
00 00 00 00 00 00 00 00 00 00 00 00 00 00 00 00
00 00 00 00 00 00 00 00 00 00 00 00 4D 87 9A 4E
B5 06 3A FF 2B 3C 4D 5E D4 C3 B2 A1 B0 00 00 00
00 00 00 00 C5 99 02 11 44 51 34 00 00 00 00 00
00 00 00 00 00 00 00 00 00 00 00 00 86 86 7D 01
00 00 00 00 00 00 00 00 00 00 00 00 00 00 00 00
00 00 00 00 00 00 00 00 00 00 00 00 00 00 00 00
00 00 00 00 00 00 00 00 00 00 00 00 00 00 00 00
00 00 00 00 00 00 00 00 00 00 00 00 00 00 00 00
00 00 00 00 00 00 00 00 00 00 00 00 00 00 00 00
00 00 00 00 00 00 00 00 00 00 00 00 00 00 00 00
00 00 00 00 00 00 00 00 00 00 00 00 00 00 00 00
00 00 00 00 00 00 00 00 00 00 00 00 D7 1B D3 64
C4 C6 3C FD 2B 3C 4D 5E D4 C3 B2 A1 E4 00 00 00
00 00 00 00 C5 99 02 11 44 51 38 09 00 00 00 00
00 00 00 00 00 00 00 00 00 00 00 00 86 83 7E 01
08 1A C0 15 00 A9 00 0F 47 3A 3E 2D 00 00 07 07
07 07 07 00 00 2C 00 04 00 00 00 1C 00 01 00 07
00 01 00 37 47 0F 00 AD 44 EA 05 0D 00 00 00 21
01 8D FF 2A 01 02 00 00 00 05 04 00 8E C8 00 00
0D 01 88 88 01 4B 01 01 00 00 00 00 01 DB 3F 00
00 00 00 00 00 00 00 01 00 00 00 00 00 02 00 03
00 01 00 E8 01 06 00 12 01 D8 00 2D 00 00 00 00
00 07 03 01 16 00 16 00 00 00 00 00 00 00 00 00
00 00 00 00 00 00 00 00 02 02 02 02 02 02 03 03
01 01 01 01 02 00 01 00 00 00 00 00 00 00 00 00
00 00 00 00 00 00 00 00 00 00 00 00 00 00 00 00
5D B1 A0 01 DA A5 91 FD 2B 3C 4D 5E D4 C3 B2 A1
E4 00 00 00 00 00 00 00 C5 99 02 11 44 52 84 02
00 00 00 00 00 00 00 00 00 00 00 00 00 00 00 00
86 83 7B 01 08 1A C0 16 00 A9 00 0F 47 3B 3E 47
00 00 07 07 07 07 07 00 00 2C 00 04 00 00 00 1C
00 01 00 07 00 01 00 37 47 0F 00 AD 44 EA 05 0D
00 00 00 21 01 8D FF 2A 01 02 00 00 00 05 04 00
8E C8 00 00 0D 01 88 88 01 4B 01 01 00 00 00 00
01 DB 3F 00 00 00 00 00 00 00 00 01 00 00 00 00
00 02 00 03 00 01 00 E8 01 06 00 12 01 D8 00 2D
00 00 00 00 00 07 03 01 16 00 16 00 00 00 00 00
00 00 00 00 00 00 00 00 00 00 00 00 02 02 02 02
02 02 03 03 01 01 01 01 02 00 01 00 00 00 00 00
00 00 00 00 00 00 00 00 00 00 00 00 00 00 00 00
00 00 00 00 CB 95 7B 8B 37 8F AC F9 2B 3C 4D 5E
D4 C3 B2 A1 E4 00 00 00 00 00 00 00 C5 99 02 11
44 52 88 03 00 00 00 00 00 00 00 00 00 00 00 00
00 00 00 00 86 83 7C 01 08 1A C0 17 00 A9 00 0F
47 3B BE 39 00 00 07 07 07 07 07 00 00 2C 00 04
00 00 00 1C 00 01 00 07 00 01 00 37 47 0F 00 AD
44 EA 05 0D 00 00 00 21 01 8D FF 2A 01 02 00 00
00 05 04 00 8E C8 00 00 0D 01 88 88 01 4B 01 01
00 00 00 00 01 DB 3F 00 00 00 00 00 00 00 00 01
00 00 00 00 00 02 00 03 00 01 00 E8 01 06 00 12
01 D8 00 2D 00 00 00 00 00 07 03 01 16 00 16 00
00 00 00 00 00 00 00 00 00 00 00 00 00 00 00 00
02 02 02 02 02 02 03 03 01 01 01 01 02 00 01 00
00 00 00 00 00 00 00 00 00 00 00 00 00 00 00 00
00 00 00 00 00 00 00 00 06 05 3D 59 33 90 90 F8
2B 3C 4D 5E D4 C3 B2 A1 E4 00 00 00 00 00 00 00
C5 99 02 11 44 54 33 05 00 00 00 00 00 00 00 00
00 00 00 00 00 00 00 00 86 83 7D 01 08 1A C0 18
00 A9 00 0F 47 3C BE 39 00 00 07 07 07 07 07 00
00 2C 00 04 00 00 00 1C 00 01 00 07 00 01 00 37
47 0F 00 AD 44 EA 05 0D 00 00 00 21 01 8D FF 2A
01 02 00 00 00 05 04 00 8E C8 00 00 0D 01 88 88
01 4B 01 01 00 00 00 00 01 DB 3F 00 00 00 00 00
00 00 00 01 00 00 00 00 00 02 00 03 00 01 00 E8
01 06 00 12 01 D8 00 2D 00 00 00 00 00 07 03 01
16 00 16 00 00 00 00 00 00 00 00 00 00 00 00 00
00 00 00 00 02 02 02 02 02 02 03 03 01 01 01 01
02 00 01 00 00 00 00 00 00 00 00 00 00 00 00 00
00 00 00 00 00 00 00 00 00 00 00 00 F3 42 DB 41
E3 28 3C FA 2B 3C 4D 5E D4 C3 B2 A1 E4 00 00 00
00 00 00 00 C5 99 02 11 44 54 39 02 00 00 00 00
00 00 00 00 00 00 00 00 00 00 00 00 86 83 7E 01
08 1A C0 19 00 A9 00 0F 47 3D 3E 62 00 00 07 07
07 07 07 00 00 2C 00 04 00 00 00 1C 00 01 00 07
00 01 00 37 47 0F 00 AD 44 EA 05 0D 00 00 00 21
01 8D FF 2A 01 02 00 00 00 05 04 00 8E C8 00 00
0D 01 88 88 01 4B 01 01 00 00 00 00 01 DB 3F 00
00 00 00 00 00 00 00 01 00 00 00 00 00 02 00 03
00 01 00 E8 01 06 00 12 01 D8 00 2D 00 00 00 00
00 07 03 01 16 00 16 00 00 00 00 00 00 00 00 00
00 00 00 00 00 00 00 00 02 02 02 02 02 02 03 03
01 01 01 01 02 00 01 00 00 00 00 00 00 00 00 00
00 00 00 00 00 00 00 00 00 00 00 00 00 00 00 00
C8 CD E7 EE D2 E7 46 F9 2B 3C 4D 5E 
