Raw dump (672 bytes)
D4 C3 B2 A1 E0 00 00 00 00 00 00 00 C5 98 02 13
40 44 82 01 00 00 00 00 00 00 00 00 00 00 00 00
00 00 00 00 86 86 7D 01 08 26 C0 00 00 A5 00 0F
46 89 57 66 00 00 00 00 71 18 20 05 FB FF FF FF
14 00 F0 49 0C 00 07 00 16 00 5C FD 00 00 00 00
00 00 08 00 00 00 00 00 00 00 00 00 00 00 00 00
00 00 00 00 00 00 00 00 00 00 00 00 00 00 00 00
00 00 00 00 00 00 00 00 00 00 00 00 00 00 00 00
00 00 00 00 00 00 00 00 00 00 00 00 00 00 00 00
00 00 00 00 00 00 00 00 00 00 00 00 00 00 00 00
00 00 00 00 00 00 00 00 00 00 00 00 00 00 00 00
00 00 00 00 00 00 00 00 00 00 00 00 00 00 00 00
00 00 00 00 00 00 00 00 00 00 00 00 E0 A8 70 E7
00 00 00 00 E5 83 74 4A 56 5C 37 FA 2B 3C 4D 5E
D4 C3 B2 A1 E0 00 00 00 00 00 00 00 C5 98 02 13
40 44 86 09 00 00 00 00 00 00 00 00 00 00 00 00
00 00 00 00 86 86 7E 01 08 26 C0 00 00 A5 00 0F
46 89 57 D5 00 00 00 00 71 18 0A 05 FB FF FF FF
00 00 00 00 00 00 00 00 00 00 00 00 00 00 00 00
00 00 00 00 00 00 00 00 00 00 00 00 00 00 00 00
00 00 00 00 00 00 00 00 00 00 00 00 00 00 00 00
00 00 00 00 00 00 00 00 00 00 00 00 00 00 00 00
00 00 00 00 00 00 00 00 00 00 00 00 00 00 00 00
00 00 00 00 00 00 00 00 00 00 00 00 00 00 00 00
00 00 00 00 00 00 00 00 00 00 00 00 00 00 00 00
00 00 00 00 00 00 00 00 00 00 00 00 00 00 00 00
00 00 00 00 00 00 00 00 00 00 00 00 E0 A8 70 E7
00 00 00 00 39 AF 80 FD BC 84 2C FE 2B 3C 4D 5E
D4 C3 B2 A1 E0 00 00 00 00 00 00 00 C5 98 02 13
40 44 91 00 00 00 00 00 00 00 00 00 00 00 00 00
00 00 00 00 86 86 7F 01 08 26 C0 00 00 A5 00 0F
46 89 D5 72 00 00 00 00 71 18 1F 05 FB FF FF FF
40 00 2C FD 3E B6 2C FD 3E B6 44 FD 3E B6 F0 49
0C 00 07 00 16 01 5C FD 3E B6 00 00 00 00 40 FD
3E B6 94 FD 3E B6 94 FD 3E B6 08 00 00 00 F0 49
0C 00 07 00 16 00 5C FD 00 00 00 00 00 00 08 00
00 00 00 00 00 00 00 00 00 00 00 00 00 00 00 00
00 00 00 00 00 00 00 00 00 00 00 00 00 00 00 00
00 00 00 00 00 00 00 00 00 00 00 00 00 00 00 00
00 00 00 00 00 00 00 00 00 00 00 00 00 00 00 00
00 00 00 00 00 00 00 00 00 00 00 00 E0 A8 70 E7
00 00 00 00 F1 AD A8 F0 48 6D 0B F8 2B 3C 4D 5E

