Raw dump (1836 bytes)
D4 C3 B2 A1 04 01 00 00 00 00 00 00 C5 99 02 11
46 21 29 09 00 00 00 00 00 00 00 00 00 00 00 00
00 00 00 00 86 86 7C 01 08 25 C0 00 02 15 00 0F
47 93 C9 E4 00 00 00 00 30 18 02 02 03 00 01 C0
00 00 00 00 00 00 00 00 00 00 00 00 00 00 00 00
00 00 00 00 00 00 00 00 00 00 00 00 00 00 00 00
00 00 00 00 00 00 00 00 00 00 00 00 00 00 00 00
00 00 00 00 00 00 00 00 00 00 00 00 00 00 00 00
00 00 00 00 00 00 00 00 00 00 00 00 00 00 00 00
00 00 00 00 00 00 00 00 00 00 00 00 00 00 00 00
00 00 00 00 00 00 00 00 00 00 00 00 00 00 00 00
00 00 00 00 00 00 00 00 00 00 00 00 00 00 00 00
00 00 00 00 00 00 00 00 00 00 00 00 00 00 00 00
00 00 00 00 00 00 00 00 00 00 00 00 00 00 00 00
00 00 00 00 00 00 00 00 00 00 00 00 00 00 00 00
00 00 00 00 00 00 00 00 AE 74 C0 27 0D CE 1E FD
2B 3C 4D 5E D4 C3 B2 A1 04 01 00 00 00 00 00 00
C5 99 02 11 46 21 35 06 00 00 00 00 00 00 00 00
00 00 00 00 00 00 00 00 86 86 7D 01 00 00 00 00
00 00 00 00 00 00 00 00 00 00 00 00 00 00 00 00
00 00 00 00 00 00 00 00 00 00 00 00 00 00 00 00
00 00 00 00 00 00 00 00 00 00 00 00 00 00 00 00
00 00 00 00 00 00 00 00 00 00 00 00 00 00 00 00
00 00 00 00 00 00 00 00 00 00 00 00 00 00 00 00
00 00 00 00 00 00 00 00 00 00 00 00 00 00 00 00
00 00 00 00 00 00 00 00 00 00 00 00 00 00 00 00
00 00 00 00 00 00 00 00 00 00 00 00 00 00 00 00
00 00 00 00 00 00 00 00 00 00 00 00 00 00 00 00
00 00 00 00 00 00 00 00 00 00 00 00 00 00 00 00
00 00 00 00 00 00 00 00 00 00 00 00 00 00 00 00
00 00 00 00 00 00 00 00 00 00 00 00 00 00 00 00
00 00 00 00 00 00 00 00 00 00 00 00 4D 87 9A 4E
75 8E E9 FA 2B 3C 4D 5E D4 C3 B2 A1 B0 00 00 00
00 00 00 00 C5 99 02 11 46 21 38 09 00 00 00 00
00 00 00 00 00 00 00 00 00 00 00 00 86 86 7E 01
00 00 00 00 00 00 00 00 00 00 00 00 00 00 00 00
00 00 00 00 00 00 00 00 00 00 00 00 00 00 00 00
00 00 00 00 00 00 00 00 00 00 00 00 00 00 00 00
00 00 00 00 00 00 00 00 00 00 00 00 00 00 00 00
00 00 00 00 00 00 00 00 00 00 00 00 00 00 00 00
00 00 00 00 00 00 00 00 00 00 00 00 00 00 00 00
00 00 00 00 00 00 00 00 00 00 00 00 00 00 00 00
00 00 00 00 00 00 00 00 00 00 00 00 D7 1B D3 64
8A FC E6 FA 2B 3C 4D 5E D4 C3 B2 A1 E4 00 00 00
00 00 00 00 C5 99 02 11 46 21 43 08 00 00 00 00
00 00 00 00 00 00 00 00 00 00 00 00 86 83 7F 01
08 1A C0 1F 00 A9 00 0F 47 94 3C 3C 00 00 07 07
07 07 07 00 00 42 00 06 00 00 00 2A 00 01 00 09
00 01 00 91 47 0F 00 F9 A5 D9 0D 12 00 00 00 21
01 89 FF 2A 01 02 00 00 00 05 04 00 34 C8 00 00
10 01 88 88 01 4B 01 01 00 00 00 02 01 DB 3F 00
00 00 00 00 00 00 00 01 00 00 00 00 00 02 00 03
00 01 00 E8 01 06 00 0F 01 D8 00 2D 00 00 00 00
00 07 03 01 16 00 16 00 00 00 00 00 00 00 00 00
00 00 00 00 00 00 00 00 02 02 02 02 02 02 03 03
01 01 01 01 02 00 01 00 00 00 00 00 00 00 00 00
00 00 00 00 00 00 00 00 00 00 00 00 00 00 00 00
C7 1B 41 96 EE 69 5C FF 2B 3C 4D 5E D4 C3 B2 A1
E4 00 00 00 00 00 00 00 C5 99 02 11 46 22 89 00
00 00 00 00 00 00 00 00 00 00 00 00 00 00 00 00
86 83 7C 01 08 1A C0 20 00 A9 00 0F 47 95 3C 38
00 00 07 07 07 07 07 00 00 42 00 06 00 00 00 2A
00 01 00 09 00 01 00 91 47 0F 00 F9 A5 D9 0D 12
00 00 00 21 01 89 FF 2A 01 02 00 00 00 05 04 00
34 C8 00 00 10 01 88 88 01 4B 01 01 00 00 00 02
01 DB 3F 00 00 00 00 00 00 00 00 01 00 00 00 00
00 02 00 03 00 01 00 E8 01 06 00 0F 01 D8 00 2D
00 00 00 00 00 07 03 01 16 00 16 00 00 00 00 00
00 00 00 00 00 00 00 00 00 00 00 00 02 02 02 02
02 02 03 03 01 01 01 01 02 00 01 00 00 00 00 00
00 00 00 00 00 00 00 00 00 00 00 00 00 00 00 00
00 00 00 00 53 70 80 89 5B 8E 61 F9 2B 3C 4D 5E
D4 C3 B2 A1 E4 00 00 00 00 00 00 00 C5 99 02 11
46 22 93 09 00 00 00 00 00 00 00 00 00 00 00 00
00 00 00 00 86 83 7D 01 08 1A C0 21 00 A9 00 0F
47 95 BC 45 00 00 07 07 07 07 07 00 00 42 00 06
00 00 00 2A 00 01 00 09 00 01 00 91 47 0F 00 F9
A5 D9 0D 12 00 00 00 21 01 89 FF 2A 01 02 00 00
00 05 04 00 34 C8 00 00 10 01 88 88 01 4B 01 01
00 00 00 02 01 DB 3F 00 00 00 00 00 00 00 00 01
00 00 00 00 00 02 00 03 00 01 00 E8 01 06 00 0F
01 D8 00 2D 00 00 00 00 00 07 03 01 16 00 16 00
00 00 00 00 00 00 00 00 00 00 00 00 00 00 00 00
02 02 02 02 02 02 03 03 01 01 01 01 02 00 01 00
00 00 00 00 00 00 00 00 00 00 00 00 00 00 00 00
00 00 00 00 00 00 00 00 7F 8D BE 71 AF 26 AC FA
2B 3C 4D 5E D4 C3 B2 A1 E4 00 00 00 00 00 00 00
C5 99 02 11 46 24 39 02 00 00 00 00 00 00 00 00
00 00 00 00 00 00 00 00 86 83 7E 01 08 1A C0 22
00 A9 00 0F 47 96 BC 49 00 00 07 07 07 07 07 00
00 42 00 06 00 00 00 2A 00 01 00 09 00 01 00 91
47 0F 00 F9 A5 D9 0D 12 00 00 00 21 01 89 FF 2A
01 02 00 00 00 05 04 00 34 C8 00 00 10 01 88 88
01 4B 01 01 00 00 00 02 01 DB 3F 00 00 00 00 00
00 00 00 01 00 00 00 00 00 02 00 03 00 01 00 E8
01 06 00 0F 01 D8 00 2D 00 00 00 00 00 07 03 01
16 00 16 00 00 00 00 00 00 00 00 00 00 00 00 00
00 00 00 00 02 02 02 02 02 02 03 03 01 01 01 01
02 00 01 00 00 00 00 00 00 00 00 00 00 00 00 00
00 00 00 00 00 00 00 00 00 00 00 00 4E 37 4C 10
1E 85 0E FA 2B 3C 4D 5E D4 C3 B2 A1 E4 00 00 00
00 00 00 00 C5 99 02 11 46 24 44 00 00 00 00 00
00 00 00 00 00 00 00 00 00 00 00 00 86 83 7F 01
08 1A C0 23 00 A9 00 0F 47 97 3C 65 00 00 07 07
07 07 07 00 00 42 00 06 00 00 00 2A 00 01 00 09
00 01 00 91 47 0F 00 F9 A5 D9 0D 12 00 00 00 21
01 89 FF 2A 01 02 00 00 00 05 04 00 34 C8 00 00
10 01 88 88 01 4B 01 01 00 00 00 02 01 DB 3F 00
00 00 00 00 00 00 00 01 00 00 00 00 00 02 00 03
00 01 00 E8 01 06 00 0F 01 D8 00 2D 00 00 00 00
00 07 03 01 16 00 16 00 00 00 00 00 00 00 00 00
00 00 00 00 00 00 00 00 02 02 02 02 02 02 03 03
01 01 01 01 02 00 01 00 00 00 00 00 00 00 00 00
00 00 00 00 00 00 00 00 00 00 00 00 00 00 00 00
46 00 F4 B5 18 FB 1D FC 2B 3C 4D 5E 
