Raw dump (1836 bytes)
D4 C3 B2 A1 04 01 00 00 00 00 00 00 C5 99 02 11
44 06 18 07 00 00 00 00 00 00 00 00 00 00 00 00
00 00 00 00 86 86 7D 01 08 25 C0 00 02 15 00 0F
47 0C C9 DD 00 00 00 00 30 18 02 02 03 00 01 C0
00 00 00 00 00 00 00 00 00 00 00 00 00 00 00 00
00 00 00 00 00 00 00 00 00 00 00 00 00 00 00 00
00 00 00 00 00 00 00 00 00 00 00 00 00 00 00 00
00 00 00 00 00 00 00 00 00 00 00 00 00 00 00 00
00 00 00 00 00 00 00 00 00 00 00 00 00 00 00 00
00 00 00 00 00 00 00 00 00 00 00 00 00 00 00 00
00 00 00 00 00 00 00 00 00 00 00 00 00 00 00 00
00 00 00 00 00 00 00 00 00 00 00 00 00 00 00 00
00 00 00 00 00 00 00 00 00 00 00 00 00 00 00 00
00 00 00 00 00 00 00 00 00 00 00 00 00 00 00 00
00 00 00 00 00 00 00 00 00 00 00 00 00 00 00 00
00 00 00 00 00 00 00 00 B3 54 BF 0F 99 02 A6 FA
2B 3C 4D 5E D4 C3 B2 A1 04 01 00 00 00 00 00 00
C5 99 02 11 44 06 24 03 00 00 00 00 00 00 00 00
00 00 00 00 00 00 00 00 86 86 7E 01 00 00 00 00
00 00 00 00 00 00 00 00 00 00 00 00 00 00 00 00
00 00 00 00 00 00 00 00 00 00 00 00 00 00 00 00
00 00 00 00 00 00 00 00 00 00 00 00 00 00 00 00
00 00 00 00 00 00 00 00 00 00 00 00 00 00 00 00
00 00 00 00 00 00 00 00 00 00 00 00 00 00 00 00
00 00 00 00 00 00 00 00 00 00 00 00 00 00 00 00
00 00 00 00 00 00 00 00 00 00 00 00 00 00 00 00
00 00 00 00 00 00 00 00 00 00 00 00 00 00 00 00
00 00 00 00 00 00 00 00 00 00 00 00 00 00 00 00
00 00 00 00 00 00 00 00 00 00 00 00 00 00 00 00
00 00 00 00 00 00 00 00 00 00 00 00 00 00 00 00
00 00 00 00 00 00 00 00 00 00 00 00 00 00 00 00
00 00 00 00 00 00 00 00 00 00 00 00 4D 87 9A 4E
8C 1B 41 FC 2B 3C 4D 5E D4 C3 B2 A1 B0 00 00 00
00 00 00 00 C5 99 02 11 44 06 27 06 00 00 00 00
00 00 00 00 00 00 00 00 00 00 00 00 86 86 7F 01
00 00 00 00 00 00 00 00 00 00 00 00 00 00 00 00
00 00 00 00 00 00 00 00 00 00 00 00 00 00 00 00
00 00 00 00 00 00 00 00 00 00 00 00 00 00 00 00
00 00 00 00 00 00 00 00 00 00 00 00 00 00 00 00
00 00 00 00 00 00 00 00 00 00 00 00 00 00 00 00
00 00 00 00 00 00 00 00 00 00 00 00 00 00 00 00
00 00 00 00 00 00 00 00 00 00 00 00 00 00 00 00
00 00 00 00 00 00 00 00 00 00 00 00 D7 1B D3 64
C2 16 0F FE 2B 3C 4D 5E D4 C3 B2 A1 E4 00 00 00
00 00 00 00 C5 99 02 11 44 06 33 03 00 00 00 00
00 00 00 00 00 00 00 00 00 00 00 00 86 83 7B 01
08 1A C0 10 00 A9 00 0F 47 0D 3C 3A 00 00 07 07
07 07 07 00 00 21 00 03 00 00 00 15 00 01 00 06
00 01 00 0A 47 0F 00 A9 0F C9 0D 0B 00 00 00 21
01 8C FF 2A 01 02 00 00 00 05 04 00 BB C8 00 00
0B 01 88 88 01 4B 01 01 00 00 00 FF 00 DB 3F 00
00 00 00 00 00 00 00 01 00 00 00 00 00 02 00 03
00 01 00 E8 01 06 00 12 01 D8 00 2D 00 00 00 00
00 07 03 01 16 00 16 00 00 00 00 00 00 00 00 00
00 00 00 00 00 00 00 00 02 02 02 02 02 02 03 03
01 01 01 01 01 00 01 00 00 00 00 00 00 00 00 00
00 00 00 00 00 00 00 00 00 00 00 00 00 00 00 00
4E E9 57 0E A2 80 4F FA 2B 3C 4D 5E D4 C3 B2 A1
E4 00 00 00 00 00 00 00 C5 99 02 11 44 07 78 05
00 00 00 00 00 00 00 00 00 00 00 00 00 00 00 00
86 83 7D 01 08 1A C0 11 00 A9 00 0F 47 0E 3C 39
00 00 07 07 07 07 07 00 00 21 00 03 00 00 00 15
00 01 00 06 00 01 00 0A 47 0F 00 A9 0F C9 0D 0B
00 00 00 21 01 8C FF 2A 01 02 00 00 00 05 04 00
BB C8 00 00 0B 01 88 88 01 4B 01 01 00 00 00 FF
00 DB 3F 00 00 00 00 00 00 00 00 01 00 00 00 00
00 02 00 03 00 01 00 E8 01 06 00 12 01 D8 00 2D
00 00 00 00 00 07 03 01 16 00 16 00 00 00 00 00
00 00 00 00 00 00 00 00 00 00 00 00 02 02 02 02
02 02 03 03 01 01 01 01 01 00 01 00 00 00 00 00
00 00 00 00 00 00 00 00 00 00 00 00 00 00 00 00
00 00 00 00 ED 7F FE C0 24 C8 67 FB 2B 3C 4D 5E
D4 C3 B2 A1 E4 00 00 00 00 00 00 00 C5 99 02 11
44 07 83 04 00 00 00 00 00 00 00 00 00 00 00 00
00 00 00 00 86 83 7E 01 08 1A C0 12 00 A9 00 0F
47 0E BC 2A 00 00 07 07 07 07 07 00 00 21 00 03
00 00 00 15 00 01 00 06 00 01 00 0A 47 0F 00 A9
0F C9 0D 0B 00 00 00 21 01 8C FF 2A 01 02 00 00
00 05 04 00 BB C8 00 00 0B 01 88 88 01 4B 01 01
00 00 00 FF 00 DB 3F 00 00 00 00 00 00 00 00 01
00 00 00 00 00 02 00 03 00 01 00 E8 01 06 00 12
01 D8 00 2D 00 00 00 00 00 07 03 01 16 00 16 00
00 00 00 00 00 00 00 00 00 00 00 00 00 00 00 00
02 02 02 02 02 02 03 03 01 01 01 01 01 00 01 00
00 00 00 00 00 00 00 00 00 00 00 00 00 00 00 00
00 00 00 00 00 00 00 00 47 30 4A 6D C3 E0 30 F9
2B 3C 4D 5E D4 C3 B2 A1 E4 00 00 00 00 00 00 00
C5 99 02 11 44 09 27 09 00 00 00 00 00 00 00 00
00 00 00 00 00 00 00 00 86 83 7F 01 08 1A C0 13
00 A9 00 0F 47 0F BC 54 00 00 07 07 07 07 07 00
00 21 00 03 00 00 00 15 00 01 00 06 00 01 00 0A
47 0F 00 A9 0F C9 0D 0B 00 00 00 21 01 8C FF 2A
01 02 00 00 00 05 04 00 BB C8 00 00 0B 01 88 88
01 4B 01 01 00 00 00 FF 00 DB 3F 00 00 00 00 00
00 00 00 01 00 00 00 00 00 02 00 03 00 01 00 E8
01 06 00 12 01 D8 00 2D 00 00 00 00 00 07 03 01
16 00 16 00 00 00 00 00 00 00 00 00 00 00 00 00
00 00 00 00 02 02 02 02 02 02 03 03 01 01 01 01
01 00 01 00 00 00 00 00 00 00 00 00 00 00 00 00
00 00 00 00 00 00 00 00 00 00 00 00 B0 BB 33 E5
A9 E4 7D FC 2B 3C 4D 5E D4 C3 B2 A1 E4 00 00 00
00 00 00 00 C5 99 02 11 44 09 32 08 00 00 00 00
00 00 00 00 00 00 00 00 00 00 00 00 86 83 7B 01
08 1A C0 14 00 A9 00 0F 47 10 3E 63 00 00 07 07
07 07 07 00 00 2C 00 04 00 00 00 1C 00 01 00 06
00 01 00 0A 47 0F 00 A9 0F C9 0D 0B 00 00 00 21
01 8C FF 2A 01 02 00 00 00 05 04 00 BB C8 00 00
0B 01 88 88 01 4B 01 01 00 00 00 FF 00 DB 3F 00
00 00 00 00 00 00 00 01 00 00 00 00 00 02 00 03
00 01 00 E8 01 06 00 12 01 D8 00 2D 00 00 00 00
00 07 03 01 16 00 16 00 00 00 00 00 00 00 00 00
00 00 00 00 00 00 00 00 02 02 02 02 02 02 03 03
01 01 01 01 01 00 01 00 00 00 00 00 00 00 00 00
00 00 00 00 00 00 00 00 00 00 00 00 00 00 00 00
77 C7 DB 99 45 6C 1C FE 2B 3C 4D 5E 
