Raw dump (1836 bytes)
D4 C3 B2 A1 04 01 00 00 00 00 00 00 C5 99 02 11
47 06 36 05 00 00 00 00 00 00 00 00 00 00 00 00
00 00 00 00 86 86 7F 01 08 25 C0 00 02 15 00 0F
47 C0 CF D1 00 00 00 00 30 18 02 02 03 00 01 C0
00 00 00 00 00 00 00 00 00 00 00 00 00 00 00 00
00 00 00 00 00 00 00 00 00 00 00 00 00 00 00 00
00 00 00 00 00 00 00 00 00 00 00 00 00 00 00 00
00 00 00 00 00 00 00 00 00 00 00 00 00 00 00 00
00 00 00 00 00 00 00 00 00 00 00 00 00 00 00 00
00 00 00 00 00 00 00 00 00 00 00 00 00 00 00 00
00 00 00 00 00 00 00 00 00 00 00 00 00 00 00 00
00 00 00 00 00 00 00 00 00 00 00 00 00 00 00 00
00 00 00 00 00 00 00 00 00 00 00 00 00 00 00 00
00 00 00 00 00 00 00 00 00 00 00 00 00 00 00 00
00 00 00 00 00 00 00 00 00 00 00 00 00 00 00 00
00 00 00 00 00 00 00 00 86 74 C0 27 84 BA B3 FA
2B 3C 4D 5E D4 C3 B2 A1 04 01 00 00 00 00 00 00
C5 99 02 11 47 06 42 02 00 00 00 00 00 00 00 00
00 00 00 00 00 00 00 00 86 86 7B 01 00 00 00 00
00 00 00 00 00 00 00 00 00 00 00 00 00 00 00 00
00 00 00 00 00 00 00 00 00 00 00 00 00 00 00 00
00 00 00 00 00 00 00 00 00 00 00 00 00 00 00 00
00 00 00 00 00 00 00 00 00 00 00 00 00 00 00 00
00 00 00 00 00 00 00 00 00 00 00 00 00 00 00 00
00 00 00 00 00 00 00 00 00 00 00 00 00 00 00 00
00 00 00 00 00 00 00 00 00 00 00 00 00 00 00 00
00 00 00 00 00 00 00 00 00 00 00 00 00 00 00 00
00 00 00 00 00 00 00 00 00 00 00 00 00 00 00 00
00 00 00 00 00 00 00 00 00 00 00 00 00 00 00 00
00 00 00 00 00 00 00 00 00 00 00 00 00 00 00 00
00 00 00 00 00 00 00 00 00 00 00 00 00 00 00 00
00 00 00 00 00 00 00 00 00 00 00 00 4D 87 9A 4E
24 7D 86 FF 2B 3C 4D 5E D4 C3 B2 A1 B0 00 00 00
00 00 00 00 C5 99 02 11 47 06 45 04 00 00 00 00
00 00 00 00 00 00 00 00 00 00 00 00 86 86 7C 01
00 00 00 00 00 00 00 00 00 00 00 00 00 00 00 00
00 00 00 00 00 00 00 00 00 00 00 00 00 00 00 00
00 00 00 00 00 00 00 00 00 00 00 00 00 00 00 00
00 00 00 00 00 00 00 00 00 00 00 00 00 00 00 00
00 00 00 00 00 00 00 00 00 00 00 00 00 00 00 00
00 00 00 00 00 00 00 00 00 00 00 00 00 00 00 00
00 00 00 00 00 00 00 00 00 00 00 00 00 00 00 00
00 00 00 00 00 00 00 00 00 00 00 00 D7 1B D3 64
AA 29 4D FA 2B 3C 4D 5E D4 C3 B2 A1 E4 00 00 00
00 00 00 00 C5 99 02 11 47 06 50 03 00 00 00 00
00 00 00 00 00 00 00 00 00 00 00 00 86 83 7D 01
08 1A C0 24 00 A9 00 0F 47 C1 3E 31 00 00 07 07
07 07 07 00 00 4D 00 07 00 00 00 31 00 01 00 0A
00 01 00 BE 47 0F 00 36 F6 DB 05 14 00 00 00 21
01 90 FF 2A 01 02 00 00 00 05 04 00 07 C8 00 00
11 01 88 88 01 4B 01 01 00 00 00 03 01 DB 3F 00
00 00 00 00 00 00 00 01 00 00 00 00 00 02 00 03
00 01 00 E8 01 06 00 0F 01 D8 00 2D 00 00 00 00
00 07 03 01 16 00 16 00 00 00 00 00 00 00 00 00
00 00 00 00 00 00 00 00 02 02 02 02 02 02 03 03
01 01 01 01 02 00 01 00 00 00 00 00 00 00 00 00
00 00 00 00 00 00 00 00 00 00 00 00 00 00 00 00
DD 1C 12 6F 13 C7 60 FC 2B 3C 4D 5E D4 C3 B2 A1
E4 00 00 00 00 00 00 00 C5 99 02 11 47 07 95 06
00 00 00 00 00 00 00 00 00 00 00 00 00 00 00 00
86 83 7F 01 08 1A C0 25 00 A9 00 0F 47 C2 3E 2D
00 00 07 07 07 07 07 00 00 4D 00 07 00 00 00 31
00 01 00 0A 00 01 00 BE 47 0F 00 36 F6 DB 05 14
00 00 00 21 01 90 FF 2A 01 02 00 00 00 05 04 00
07 C8 00 00 11 01 88 88 01 4B 01 01 00 00 00 03
01 DB 3F 00 00 00 00 00 00 00 00 01 00 00 00 00
00 02 00 03 00 01 00 E8 01 06 00 0F 01 D8 00 2D
00 00 00 00 00 07 03 01 16 00 16 00 00 00 00 00
00 00 00 00 00 00 00 00 00 00 00 00 02 02 02 02
02 02 03 03 01 01 01 01 02 00 01 00 00 00 00 00
00 00 00 00 00 00 00 00 00 00 00 00 00 00 00 00
00 00 00 00 F4 76 6B 65 74 CA 72 FB 2B 3C 4D 5E
D4 C3 B2 A1 E4 00 00 00 00 00 00 00 C5 99 02 11
47 08 00 04 00 00 00 00 00 00 00 00 00 00 00 00
00 00 00 00 86 83 7B 01 08 1A C0 26 00 A9 00 0F
47 C2 BE 39 00 00 07 07 07 07 07 00 00 4D 00 07
00 00 00 31 00 01 00 0A 00 01 00 BE 47 0F 00 36
F6 DB 05 14 00 00 00 21 01 90 FF 2A 01 02 00 00
00 05 04 00 07 C8 00 00 11 01 88 88 01 4B 01 01
00 00 00 03 01 DB 3F 00 00 00 00 00 00 00 00 01
00 00 00 00 00 02 00 03 00 01 00 E8 01 06 00 0F
01 D8 00 2D 00 00 00 00 00 07 03 01 16 00 16 00
00 00 00 00 00 00 00 00 00 00 00 00 00 00 00 00
02 02 02 02 02 02 03 03 01 01 01 01 02 00 01 00
00 00 00 00 00 00 00 00 00 00 00 00 00 00 00 00
00 00 00 00 00 00 00 00 C6 2B 8E 8B 1E A3 D7 F8
2B 3C 4D 5E D4 C3 B2 A1 E4 00 00 00 00 00 00 00
C5 99 02 11 47 09 45 07 00 00 00 00 00 00 00 00
00 00 00 00 00 00 00 00 86 83 7C 01 08 1A C0 27
00 A9 00 0F 47 C3 BE 36 00 00 07 07 07 07 07 00
00 4D 00 07 00 00 00 31 00 01 00 0A 00 01 00 BE
47 0F 00 36 F6 DB 05 14 00 00 00 21 01 90 FF 2A
01 02 00 00 00 05 04 00 07 C8 00 00 11 01 88 88
01 4B 01 01 00 00 00 03 01 DB 3F 00 00 00 00 00
00 00 00 01 00 00 00 00 00 02 00 03 00 01 00 E8
01 06 00 0F 01 D8 00 2D 00 00 00 00 00 07 03 01
16 00 16 00 00 00 00 00 00 00 00 00 00 00 00 00
00 00 00 00 02 02 02 02 02 02 03 03 01 01 01 01
02 00 01 00 00 00 00 00 00 00 00 00 00 00 00 00
00 00 00 00 00 00 00 00 00 00 00 00 C5 2E F5 AC
1A FC E4 FA 2B 3C 4D 5E D4 C3 B2 A1 E4 00 00 00
00 00 00 00 C5 99 02 11 47 09 50 06 00 00 00 00
00 00 00 00 00 00 00 00 00 00 00 00 86 83 7D 01
08 1A C0 28 00 A9 00 0F 47 C4 3E 67 00 00 07 07
07 07 07 00 00 58 00 08 00 00 00 38 00 01 00 0A
00 01 00 BE 47 0F 00 36 F6 DB 05 14 00 00 00 21
01 90 FF 2A 01 02 00 00 00 05 04 00 07 C8 00 00
11 01 88 88 01 4B 01 01 00 00 00 03 01 DB 3F 00
00 00 00 00 00 00 00 01 00 00 00 00 00 02 00 03
00 01 00 E8 01 06 00 0F 01 D8 00 2D 00 00 00 00
00 07 03 01 16 00 16 00 00 00 00 00 00 00 00 00
00 00 00 00 00 00 00 00 02 02 02 02 02 02 03 03
01 01 01 01 02 00 01 00 00 00 00 00 00 00 00 00
00 00 00 00 00 00 00 00 00 00 00 00 00 00 00 00
4D 28 69 82 C2 B9 13 FD 2B 3C 4D 5E 
