Raw dump (440 bytes)
D4 C3 B2 A1 E0 00 00 00 00 00 00 00 C5 98 02 13
46 46 18 01 00 00 00 00 00 00 00 00 00 00 00 00
00 00 00 00 86 86 7C 01 08 26 C0 00 00 A5 00 0F
46 B7 F8 B0 00 00 00 00 71 18 20 05 FB FF FF FF
14 00 60 57 0C 00 07 00 16 00 5C ED 00 00 00 00
00 00 08 00 00 00 00 00 00 00 00 00 00 00 00 00
00 00 00 00 00 00 00 00 00 00 00 00 00 00 00 00
00 00 00 00 00 00 00 00 00 00 00 00 00 00 00 00
00 00 00 00 00 00 00 00 00 00 00 00 00 00 00 00
00 00 00 00 00 00 00 00 00 00 00 00 00 00 00 00
00 00 00 00 00 00 00 00 00 00 00 00 00 00 00 00
00 00 00 00 00 00 00 00 00 00 00 00 00 00 00 00
00 00 00 00 00 00 00 00 00 00 00 00 89 48 A8 18
00 00 00 00 96 4F 6C 95 C9 AA 7A FD 2B 3C 4D 5E
D4 C3 B2 A1 D8 00 00 00 00 00 00 00 C5 98 02 13
46 46 23 00 00 00 00 00 00 00 00 00 00 00 00 00
00 00 00 00 86 86 7D 01 08 25 C0 00 00 9D 00 0F
46 B9 02 8D 00 00 00 00 65 18 14 05 1C 00 00 00
00 00 00 00 00 00 00 00 00 00 00 00 00 00 00 00
00 00 00 00 00 00 00 00 00 00 00 00 00 00 00 00
00 00 00 00 00 00 00 00 00 00 00 00 00 00 00 00
00 00 00 00 00 00 00 00 00 00 00 00 00 00 00 00
00 00 00 00 00 00 00 00 00 00 00 00 00 00 00 00
00 00 00 00 00 00 00 00 00 00 00 00 00 00 00 00
00 00 00 00 00 00 00 00 00 00 00 00 00 00 00 00
00 00 00 00 00 00 00 00 00 00 00 00 00 00 00 00
00 00 00 00 00 00 00 00 00 00 00 00 68 9A EB 12
D2 72 82 FA 2B 3C 4D 5E 
