Raw dump (3540 bytes)
D4 C3 B2 A1 E0 00 00 00 00 00 00 00 C5 98 02 13
40 04 77 09 00 00 00 00 00 00 00 00 00 00 00 00
00 00 00 00 86 86 7D 01 08 26 C0 00 00 A5 00 0F
46 61 4F 73 00 00 00 00 71 18 20 05 FB FF FF FF
14 00 60 57 0C 00 07 00 16 00 5C FD 00 00 00 00
00 00 08 00 00 00 00 00 00 00 00 00 00 00 00 00
00 00 00 00 00 00 00 00 00 00 00 00 00 00 00 00
00 00 00 00 00 00 00 00 00 00 00 00 00 00 00 00
00 00 00 00 00 00 00 00 00 00 00 00 00 00 00 00
00 00 00 00 00 00 00 00 00 00 00 00 00 00 00 00
00 00 00 00 00 00 00 00 00 00 00 00 00 00 00 00
00 00 00 00 00 00 00 00 00 00 00 00 00 00 00 00
00 00 00 00 00 00 00 00 00 00 00 00 D9 B2 7C ED
00 00 00 00 44 46 C4 A2 78 2D D9 FC 2B 3C 4D 5E
D4 C3 B2 A1 D8 00 00 00 00 00 00 00 C5 98 02 13
40 04 82 08 00 00 00 00 00 00 00 00 00 00 00 00
00 00 00 00 86 86 7F 01 08 25 C0 00 00 9D 00 0F
46 61 B1 76 00 00 00 00 30 18 02 02 03 00 01 C0
00 00 00 00 00 00 00 00 00 00 00 00 00 00 00 00
00 00 00 00 00 00 00 00 00 00 00 00 00 00 00 00
00 00 00 00 00 00 00 00 00 00 00 00 00 00 00 00
00 00 00 00 00 00 00 00 00 00 00 00 00 00 00 00
00 00 00 00 00 00 00 00 00 00 00 00 00 00 00 00
00 00 00 00 00 00 00 00 00 00 00 00 00 00 00 00
00 00 00 00 00 00 00 00 00 00 00 00 00 00 00 00
00 00 00 00 00 00 00 00 00 00 00 00 00 00 00 00
00 00 00 00 00 00 00 00 00 00 00 00 C2 A2 7C 60
36 FE 3E F8 2B 3C 4D 5E D4 C3 B2 A1 CC 00 00 00
00 00 00 00 C5 98 02 13 40 04 86 09 00 00 00 00
00 00 00 00 00 00 00 00 00 00 00 00 86 83 7B 01
08 1A C0 01 00 91 00 0F 46 62 23 D7 00 00 07 07
07 07 07 00 00 00 00 00 00 00 00 00 00 01 00 03
1A 02 00 5E 46 0F 00 9D 88 7E E7 02 00 00 00 11
01 8F FF 81 00 02 00 00 00 05 01 00 EA 65 01 00
39 01 00 00 01 BB 06 01 00 00 00 2C 01 00 00 00
00 00 00 00 00 00 00 00 00 00 00 00 00 00 00 00
00 00 00 00 00 00 00 00 00 00 00 00 00 00 00 00
00 00 00 00 00 00 00 00 01 00 00 00 00 00 00 00
00 00 00 00 00 00 00 00 00 00 00 00 00 00 00 00
00 00 00 00 00 00 00 00 AD FB 60 A7 AA 1E 73 FB
2B 3C 4D 5E D4 C3 B2 A1 CC 00 00 00 00 00 00 00
C5 98 02 13 40 06 62 03 00 00 00 00 00 00 00 00
00 00 00 00 00 00 00 00 86 83 7D 01 08 1A C0 02
00 91 00 0F 46 63 23 AE 00 00 07 07 07 07 07 00
00 00 00 00 00 00 00 00 00 01 00 03 1A 02 00 5E
46 0F 00 9D 88 7E E7 02 00 00 00 11 01 8F FF 81
00 02 00 00 00 05 01 00 EA 65 01 00 39 01 00 00
01 BB 06 01 00 00 00 2C 01 00 00 00 00 00 00 00
00 00 00 00 00 00 00 00 00 00 00 00 00 00 00 00
00 00 00 00 00 00 00 00 00 00 00 00 00 00 00 00
00 00 00 00 01 00 00 00 00 00 00 00 00 00 00 00
00 00 00 00 00 00 00 00 00 00 00 00 00 00 00 00
00 00 00 00 2F 78 3F 1E 03 A7 24 FA 2B 3C 4D 5E
D4 C3 B2 A1 CC 00 00 00 00 00 00 00 C5 98 02 13
40 06 66 04 00 00 00 00 00 00 00 00 00 00 00 00
00 00 00 00 86 83 7E 01 08 1A C0 03 00 91 00 0F
46 63 A3 B8 00 00 07 07 07 07 07 00 00 00 00 00
00 00 00 00 00 01 00 03 1A 02 00 5E 46 0F 00 9D
88 7E E7 02 00 00 00 11 01 8F FF 81 00 02 00 00
00 05 01 00 EA 65 01 00 39 01 00 00 01 BB 06 01
00 00 00 2C 01 00 00 00 00 00 00 00 00 00 00 00
00 00 00 00 00 00 00 00 00 00 00 00 00 00 00 00
00 00 00 00 00 00 00 00 00 00 00 00 00 00 00 00
01 00 00 00 00 00 00 00 00 00 00 00 00 00 00 00
00 00 00 00 00 00 00 00 00 00 00 00 00 00 00 00
30 5F 95 72 F2 10 D2 FD 2B 3C 4D 5E D4 C3 B2 A1
CC 00 00 00 00 00 00 00 C5 98 02 13 40 08 11 07
00 00 00 00 00 00 00 00 00 00 00 00 00 00 00 00
86 83 7F 01 08 1A C0 04 00 91 00 0F 46 64 A3 D7
00 00 07 07 07 07 07 00 00 00 00 00 00 00 00 00
00 01 00 03 1A 02 00 5E 46 0F 00 9D 88 7E E7 02
00 00 00 11 01 8F FF 81 00 02 00 00 00 05 01 00
EA 65 01 00 39 01 00 00 01 BB 06 01 00 00 00 2C
01 00 00 00 00 00 00 00 00 00 00 00 00 00 00 00
00 00 00 00 00 00 00 00 00 00 00 00 00 00 00 00
00 00 00 00 00 00 00 00 00 00 00 00 01 00 00 00
00 00 00 00 00 00 00 00 00 00 00 00 00 00 00 00
00 00 00 00 00 00 00 00 00 00 00 00 9B 59 79 E1
D3 29 40 F9 2B 3C 4D 5E D4 C3 B2 A1 CC 00 00 00
00 00 00 00 C5 98 02 13 40 08 15 07 00 00 00 00
00 00 00 00 00 00 00 00 00 00 00 00 86 83 7B 01
08 1A C0 05 00 91 00 0F 46 65 23 E3 00 00 07 07
07 07 07 00 00 00 00 00 00 00 00 07 00 01 00 03
1A 02 00 5E 46 0F 00 9D 88 7E E7 02 00 00 00 11
01 8F FF 81 00 02 00 00 00 05 01 00 EA 65 01 00
39 01 00 00 01 BB 06 01 00 00 00 2C 01 00 00 00
00 00 00 00 00 00 00 00 00 00 00 00 00 00 00 00
00 00 00 00 00 00 00 00 00 00 00 00 00 00 00 00
00 00 00 00 00 00 00 00 01 00 00 00 00 00 00 00
00 00 00 00 00 00 00 00 00 00 00 00 00 00 00 00
00 00 00 00 00 00 00 00 C1 BC 32 B8 A6 BE C2 F9
2B 3C 4D 5E D4 C3 B2 A1 E0 00 00 00 00 00 00 00
C5 98 02 13 40 09 76 05 00 00 00 00 00 00 00 00
00 00 00 00 00 00 00 00 86 86 7C 01 08 26 C0 00
00 A5 00 0F 46 66 49 6E 00 00 00 00 71 18 20 05
FB FF FF FF 14 00 F0 49 0C 00 07 00 16 00 5C FD
00 00 00 00 00 00 08 00 00 00 00 00 00 00 00 00
00 00 00 00 00 00 00 00 00 00 00 00 00 00 00 00
00 00 00 00 00 00 00 00 00 00 00 00 00 00 00 00
00 00 00 00 00 00 00 00 00 00 00 00 00 00 00 00
00 00 00 00 00 00 00 00 00 00 00 00 00 00 00 00
00 00 00 00 00 00 00 00 00 00 00 00 00 00 00 00
00 00 00 00 00 00 00 00 00 00 00 00 00 00 00 00
00 00 00 00 00 00 00 00 00 00 00 00 00 00 00 00
30 0A 71 E7 00 00 00 00 5E 7B 9A 32 C8 EF 89 FC
2B 3C 4D 5E D4 C3 B2 A1 CC 00 00 00 00 00 00 00
C5 98 02 13 40 11 62 05 00 00 00 00 00 00 00 00
00 00 00 00 00 00 00 00 86 83 7D 01 08 1A C0 06
00 91 00 0F 46 68 23 92 00 00 07 07 07 07 07 00
00 00 00 00 00 00 00 07 00 01 00 03 1A 02 00 5E
46 0F 00 9D 88 7E E7 02 00 00 00 11 01 8F FF 81
00 02 00 00 00 05 01 00 EA 65 01 00 39 01 00 00
01 BB 06 01 00 00 00 2C 01 00 00 00 00 00 00 00
00 00 00 00 00 00 00 00 00 00 00 00 00 00 00 00
00 00 00 00 00 00 00 00 00 00 00 00 00 00 00 00
00 00 00 00 01 00 00 00 00 00 00 00 00 00 00 00
00 00 00 00 00 00 00 00 00 00 00 00 00 00 00 00
00 00 00 00 71 3A E4 9A 49 F0 7F FE 2B 3C 4D 5E
D4 C3 B2 A1 CC 00 00 00 00 00 00 00 C5 98 02 13
40 11 67 04 00 00 00 00 00 00 00 00 00 00 00 00
00 00 00 00 86 83 7E 01 08 1A C0 07 00 91 00 0F
46 69 23 BD 00 00 07 07 07 07 07 00 00 00 00 00
00 00 00 07 00 01 00 03 1A 02 00 5E 46 0F 00 9D
88 7E E7 02 00 00 00 11 01 8F FF 81 00 02 00 00
00 05 01 00 EA 65 01 00 39 01 00 00 01 BB 06 01
00 00 00 2C 01 00 00 00 00 00 00 00 00 00 00 00
00 00 00 00 00 00 00 00 00 00 00 00 00 00 00 00
00 00 00 00 00 00 00 00 00 00 00 00 00 00 00 00
01 00 00 00 00 00 00 00 00 00 00 00 00 00 00 00
00 00 00 00 00 00 00 00 00 00 00 00 00 00 00 00
CD AE BD F2 F8 19 CB FF 2B 3C 4D 5E D4 C3 B2 A1
CC 00 00 00 00 00 00 00 C5 98 02 13 40 13 62 05
00 00 00 00 00 00 00 00 00 00 00 00 00 00 00 00
86 83 7F 01 08 1A C0 08 00 91 00 0F 46 6A 23 C6
00 00 07 07 07 07 07 00 00 00 00 00 00 00 00 07
00 01 00 03 1A 02 00 5E 46 0F 00 9D 88 7E E7 02
00 00 00 11 01 8F FF 81 00 02 00 00 00 05 01 00
EA 65 01 00 39 01 00 00 01 BB 06 01 00 00 00 2C
01 00 00 00 00 00 00 00 00 00 00 00 00 00 00 00
00 00 00 00 00 00 00 00 00 00 00 00 00 00 00 00
00 00 00 00 00 00 00 00 00 00 00 00 01 00 00 00
00 00 00 00 00 00 00 00 00 00 00 00 00 00 00 00
00 00 00 00 00 00 00 00 00 00 00 00 78 DB A1 F6
B8 05 48 FE 2B 3C 4D 5E D4 C3 B2 A1 CC 00 00 00
00 00 00 00 C5 98 02 13 40 13 66 05 00 00 00 00
00 00 00 00 00 00 00 00 00 00 00 00 86 83 7B 01
08 1A C0 09 00 91 00 0F 46 6B 23 B6 00 00 07 07
07 07 07 00 00 00 00 00 00 00 00 07 00 01 00 03
1A 02 00 5E 46 0F 00 9D 88 7E E7 02 00 00 00 11
01 8F FF 81 00 02 00 00 00 05 01 00 EA 65 01 00
39 01 00 00 01 BB 06 01 00 00 00 2C 01 00 00 00
00 00 00 00 00 00 00 00 00 00 00 00 00 00 00 00
00 00 00 00 00 00 00 00 00 00 00 00 00 00 00 00
00 00 00 00 00 00 00 00 01 00 00 00 00 00 00 00
00 00 00 00 00 00 00 00 00 00 00 00 00 00 00 00
00 00 00 00 00 00 00 00 21 96 63 78 04 9E 3A FA
2B 3C 4D 5E D4 C3 B2 A1 E0 00 00 00 00 00 00 00
C5 98 02 13 40 15 12 06 00 00 00 00 00 00 00 00
00 00 00 00 00 00 00 00 86 86 7C 01 08 26 C0 00
00 A5 00 0F 46 6B 51 66 00 00 00 00 71 18 20 05
FB FF FF FF 14 00 F0 49 0C 00 07 00 16 00 5C FD
00 00 00 00 00 00 08 00 00 00 00 00 00 00 00 00
00 00 00 00 00 00 00 00 00 00 00 00 00 00 00 00
00 00 00 00 00 00 00 00 00 00 00 00 00 00 00 00
00 00 00 00 00 00 00 00 00 00 00 00 00 00 00 00
00 00 00 00 00 00 00 00 00 00 00 00 00 00 00 00
00 00 00 00 00 00 00 00 00 00 00 00 00 00 00 00
00 00 00 00 00 00 00 00 00 00 00 00 00 00 00 00
00 00 00 00 00 00 00 00 00 00 00 00 00 00 00 00
05 00 6C EF 00 00 00 00 52 80 6B 3F BC 6E 8E FA
2B 3C 4D 5E D4 C3 B2 A1 CC 00 00 00 00 00 00 00
C5 98 02 13 40 15 16 07 00 00 00 00 00 00 00 00
00 00 00 00 00 00 00 00 86 83 7D 01 08 1A C0 0A
00 91 00 0F 46 6B A3 B6 00 00 07 07 07 07 07 00
00 00 00 00 00 00 00 07 00 01 00 03 1A 02 00 5E
46 0F 00 9D 88 7E E7 02 00 00 00 11 01 8F FF 81
00 02 00 00 00 05 01 00 EA 65 01 00 39 01 00 00
01 BB 06 01 00 00 00 2C 01 00 00 00 00 00 00 00
00 00 00 00 00 00 00 00 00 00 00 00 00 00 00 00
00 00 00 00 00 00 00 00 00 00 00 00 00 00 00 00
00 00 00 00 01 00 00 00 00 00 00 00 00 00 00 00
00 00 00 00 00 00 00 00 00 00 00 00 00 00 00 00
00 00 00 00 F0 FF 8C 44 53 10 2F FF 2B 3C 4D 5E
D4 C3 B2 A1 CC 00 00 00 00 00 00 00 C5 98 02 13
40 15 20 07 00 00 00 00 00 00 00 00 00 00 00 00
00 00 00 00 86 83 7E 01 08 1A C0 0B 00 91 00 0F
46 6C 23 E6 00 00 07 07 07 07 07 00 00 00 00 00
00 00 00 07 00 01 00 03 1A 02 00 5E 46 0F 00 9D
88 7E E7 02 00 00 00 11 01 8F FF 81 00 02 00 00
00 05 01 00 EA 65 01 00 39 01 00 00 01 BB 06 01
00 00 00 2C 01 00 00 00 00 00 00 00 00 00 00 00
00 00 00 00 00 00 00 00 00 00 00 00 00 00 00 00
00 00 00 00 00 00 00 00 00 00 00 00 00 00 00 00
01 00 00 00 00 00 00 00 00 00 00 00 00 00 00 00
00 00 00 00 00 00 00 00 00 00 00 00 00 00 00 00
37 1C BA E0 18 E7 D2 FA 2B 3C 4D 5E D4 C3 B2 A1
CC 00 00 00 00 00 00 00 C5 98 02 13 40 15 24 08
00 00 00 00 00 00 00 00 00 00 00 00 00 00 00 00
86 83 7F 01 08 1A C0 0C 00 91 00 0F 46 6C A3 CA
00 00 07 07 07 07 07 00 00 00 00 00 00 00 00 07
00 01 00 03 1A 02 00 5E 46 0F 00 9D 88 7E E7 02
00 00 00 11 01 8F FF 81 00 02 00 00 00 05 01 00
EA 65 01 00 39 01 00 00 01 BB 06 01 00 00 00 2C
01 00 00 00 00 00 00 00 00 00 00 00 00 00 00 00
00 00 00 00 00 00 00 00 00 00 00 00 00 00 00 00
00 00 00 00 00 00 00 00 00 00 00 00 01 00 00 00
00 00 00 00 00 00 00 00 00 00 00 00 00 00 00 00
00 00 00 00 00 00 00 00 00 00 00 00 7F 05 A9 8D
DF 6A 18 FF 2B 3C 4D 5E D4 C3 B2 A1 CC 00 00 00
00 00 00 00 C5 98 02 13 40 16 69 03 00 00 00 00
00 00 00 00 00 00 00 00 00 00 00 00 86 83 7B 01
08 1A C0 0D 00 91 00 0F 46 6D 23 FA 00 00 07 07
07 07 07 00 00 00 00 00 00 00 00 07 00 01 00 03
1A 02 00 5E 46 0F 00 9D 88 7E E7 02 00 00 00 11
01 8F FF 81 00 02 00 00 00 05 01 00 EA 65 01 00
39 01 00 00 01 BB 06 01 00 00 00 2C 01 00 00 00
00 00 00 00 00 00 00 00 00 00 00 00 00 00 00 00
00 00 00 00 00 00 00 00 00 00 00 00 00 00 00 00
00 00 00 00 00 00 00 00 01 00 00 00 00 00 00 00
00 00 00 00 00 00 00 00 00 00 00 00 00 00 00 00
00 00 00 00 00 00 00 00 36 CA EA F2 32 DF 73 FB
2B 3C 4D 5E 
