Raw telemetry dump (192 bytes)
4D C3 B2 A1 94 00 00 00 00 00 00 00 EC 65 BA 68
00 00 00 00 00 00 80 3F 00 00 00 00 00 00 FA 43
00 00 F0 41 BE AC 00 01 00 94 25 08 31 15 24 40
00 00 07 07 07 07 07 00 00 06 97 00 B5 00 00 04
F3 00 00 0A 00 00 03 00 10 0B A1 2F EE BB 34 00
00 09 DF 21 01 FF 8C 00 55 00 00 00 02 05 00 01
00 00 E0 35 88 88 02 00 51 00 00 00 01 38 87 00
00 00 00 01 00 00 00 00 01 00 00 00 00 00 02 01
CA 00 01 01 D1 00 00 01 1A 01 85 00 5E 00 00 00
00 08 03 00 00 00 00 00 01 04 00 0A D7 A3 3C 00
00 00 00 CD CC 4C 3C 00 02 02 00 00 00 00 02 02
00 00 00 00 00 02 00 01 52 49 97 6E B2 3C 4D 5E

