MsgID=0x7618 Seq=0x0200 Len=0
Tcode=00 00 08 00 7E 09 Padding=0xBF000000
 msg_id=0x0004 cc=0 ret_type=0
 ret_code=0 ret_val_size=0
 ret_val=[] (HEX: )

Binary (152 B):
76 18 02 00 00 00 00 00 08 00 7E 09 00 00 00 BF
04 00 00 00 00 00 00 00 00 00 00 00 00 00 00 00
00 00 00 00 00 00 00 00 00 00 00 00 00 00 00 00
00 00 00 00 00 00 00 00 00 00 00 00 00 00 00 00
00 00 00 00 00 00 00 00 00 00 00 00 00 00 00 00
00 00 00 00 00 00 00 00 00 00 00 00 00 00 00 00
00 00 00 00 00 00 00 00 00 00 00 00 00 00 00 00
00 00 00 00 00 00 00 00 00 00 00 00 00 00 00 00
00 00 00 00 00 00 00 00 00 00 00 00 00 00 00 00
00 00 00 00 00 00 00 00 
