MsgID=0x7118 Seq=0x2005 Len=64511
Tcode=FF FF 14 00 70 58 Padding=0x0007000C
 msg_id=0x0016 cc=92 ret_type=237
 ret_code=0 ret_val_size=0
 ret_val=[] (HEX: )

Binary (152 B):
71 18 20 05 FB FF FF FF 14 00 70 58 0C 00 07 00
16 00 5C ED 00 00 00 00 00 00 08 00 00 00 00 00
00 00 00 00 00 00 00 00 00 00 00 00 00 00 00 00
00 00 00 00 00 00 00 00 00 00 00 00 00 00 00 00
00 00 00 00 00 00 00 00 00 00 00 00 00 00 00 00
00 00 00 00 00 00 00 00 00 00 00 00 00 00 00 00
00 00 00 00 00 00 00 00 00 00 00 00 00 00 00 00
00 00 00 00 00 00 00 00 00 00 00 00 00 00 00 00
00 00 00 00 00 00 00 00 00 00 00 00 00 00 00 00
00 00 00 00 51 85 E4 03 
