MsgID=0x9018 Seq=0x0000 Len=0
Tcode=00 00 0C 00 49 4C Padding=0x4D45564F
 msg_id=0x5A4F cc=65 ret_type=82
 ret_code=84 ret_val_size=0
 ret_val=[] (HEX: )

Binary (152 B):
90 18 00 00 00 00 00 00 0C 00 49 4C 4F 56 45 4D
4F 5A 41 52 54 00 00 00 00 00 00 00 00 00 00 00
00 00 00 00 00 00 00 00 00 00 00 00 00 00 00 00
00 00 00 00 00 00 00 00 00 00 00 00 00 00 00 00
00 00 00 00 00 00 00 00 00 00 00 00 00 00 00 00
00 00 00 00 00 00 00 00 00 00 00 00 00 00 00 00
00 00 00 00 00 00 00 00 00 00 00 00 00 00 00 00
00 00 00 00 00 00 00 00 00 00 00 00 00 00 00 00
00 00 00 00 00 00 00 00 00 00 00 00 00 00 00 00
00 00 00 00 92 64 B1 16 
