MsgID=0x3018 Seq=0x0202 Len=768
Tcode=01 C0 00 00 00 00 Padding=0x00000000
 msg_id=0x0000 cc=0 ret_type=0
 ret_code=0 ret_val_size=0
 ret_val=[] (HEX: )

Binary (152 B):
30 18 02 02 03 00 01 C0 00 00 00 00 00 00 00 00
00 00 00 00 00 00 00 00 00 00 00 00 00 00 00 00
00 00 00 00 00 00 00 00 00 00 00 00 00 00 00 00
00 00 00 00 00 00 00 00 00 00 00 00 00 00 00 00
00 00 00 00 00 00 00 00 00 00 00 00 00 00 00 00
00 00 00 00 00 00 00 00 00 00 00 00 00 00 00 00
00 00 00 00 00 00 00 00 00 00 00 00 00 00 00 00
00 00 00 00 00 00 00 00 00 00 00 00 00 00 00 00
00 00 00 00 00 00 00 00 00 00 00 00 00 00 00 00
00 00 00 00 C2 A2 7C 60 
