MsgID=0x7118 Seq=0x1F05 Len=64511
Tcode=FF FF 40 00 2C ED Padding=0xED2CB636
 msg_id=0xB636 cc=68 ret_type=237
 ret_code=1140897334 ret_val_size=12
 ret_val=[7, 0, 22, 1, 92, 237, 54, 182, 0, 0, 0, 0] (HEX: 07 00 16 01 5C ED 36 B6 00 00 00 00)

Binary (152 B):
71 18 1F 05 FB FF FF FF 40 00 2C ED 36 B6 2C ED
36 B6 44 ED 36 B6 00 44 0C 00 07 00 16 01 5C ED
36 B6 00 00 00 00 40 ED 36 B6 94 ED 36 B6 94 ED
36 B6 08 00 00 00 00 44 0C 00 07 00 16 00 5C ED
00 00 00 00 00 00 08 00 00 00 00 00 00 00 00 00
00 00 00 00 00 00 00 00 00 00 00 00 00 00 00 00
00 00 00 00 00 00 00 00 00 00 00 00 00 00 00 00
00 00 00 00 00 00 00 00 00 00 00 00 00 00 00 00
00 00 00 00 00 00 00 00 00 00 00 00 00 00 00 00
00 00 00 00 F6 D5 B0 16 
