MsgID=0x7118 Seq=0x1E05 Len=0
Tcode=00 00 83 00 96 01 Padding=0x41AB0196
 msg_id=0x3FEF cc=226 ret_type=1
 ret_code=16777219 ret_val_size=237
 ret_val=[216, 0, 0, 0, 1, 0, 0, 0, 0, 0, 2, 0, 3, 0, 1, 0, 0, 0, 0, 0, 0, 0, 0, 0, 0, 0, 0, 0, 0, 0, 0, 0, 0, 0, 0, 0, 0, 0, 0, 0, 0, 0, 0, 0, 0, 0, 0, 0, 0, 0, 0, 0, 0, 0, 0, 0, 0, 0, 0, 0, 0, 0, 0, 0, 0, 0, 0, 0, 0, 0, 0, 0, 0, 0, 0, 0, 5, 5, 0, 0, 0, 0, 0, 0, 0, 0, 0, 0, 0, 0, 0, 0, 0, 0, 45, 0, 0, 0, 24, 0, 27, 0, 25, 0, 25, 0, 24, 0, 24, 0, 7, 3, 2, 0, 0, 0, 0, 0, 0, 0, 0, 0, 0, 0, 0, 0, ] (HEX: D8 00 00 00 01 00 00 00 00 00 02 00 03 00 01 00 00 00 00 00 00 00 00 00 00 00 00 00 00 00 00 00 00 00 00 00 00 00 00 00 00 00 00 00 00 00 00 00 00 00 00 00 00 00 00 00 00 00 00 00 00 00 00 00 00 00 00 00 00 00 00 00 00 00 00 00 05 05 00 00 00 00 00 00 00 00 00 00 00 00 00 00 00 00 2D 00 00 00 18 00 1B 00 19 00 19 00 18 00 18 00 07 03 02 00 00 00 00 00 00 00 00 00 00 00 00 00 )

Binary (152 B):
71 18 1E 05 00 00 00 00 83 00 96 01 96 01 AB 41
EF 3F E2 01 03 00 00 01 ED 00 D8 00 00 00 01 00
00 00 00 00 02 00 03 00 01 00 00 00 00 00 00 00
00 00 00 00 00 00 00 00 00 00 00 00 00 00 00 00
00 00 00 00 00 00 00 00 00 00 00 00 00 00 00 00
00 00 00 00 00 00 00 00 00 00 00 00 00 00 00 00
00 00 00 00 00 00 05 05 00 00 00 00 00 00 00 00
00 00 00 00 00 00 00 00 2D 00 00 00 18 00 1B 00
19 00 19 00 18 00 18 00 07 03 02 00 00 00 00 00
00 00 00 00 00 00 00 00 
