MsgID=0x6518 Seq=0x3400 Len=0
Tcode=00 00 08 00 13 45 Padding=0xC8DB386D
 msg_id=0x20D6 cc=0 ret_type=0
 ret_code=0 ret_val_size=0
 ret_val=[] (HEX: )

Binary (152 B):
65 18 34 00 00 00 00 00 08 00 13 45 6D 38 DB C8
D6 20 00 00 00 00 00 00 00 00 00 00 00 00 00 00
00 00 00 00 00 00 00 00 00 00 00 00 00 00 00 00
00 00 00 00 00 00 00 00 00 00 00 00 00 00 00 00
00 00 00 00 00 00 00 00 00 00 00 00 00 00 00 00
00 00 00 00 00 00 00 00 00 00 00 00 00 00 00 00
00 00 00 00 00 00 00 00 00 00 00 00 00 00 00 00
00 00 00 00 00 00 00 00 00 00 00 00 00 00 00 00
00 00 00 00 00 00 00 00 00 00 00 00 00 00 00 00
00 00 00 00 00 00 00 00 
