Raw dump (1228 bytes)
D4 C3 B2 A1 D0 00 00 00 00 00 00 00 C5 96 02 12
31 09 90 05 00 00 00 00 00 00 00 00 00 00 00 00
00 00 00 00 86 86 7C 01 08 25 C0 00 00 95 00 0F
48 FB CB EA 00 00 00 00 30 18 02 02 03 00 01 C0
00 00 00 00 00 00 00 00 00 00 00 00 00 00 00 00
00 00 00 00 00 00 00 00 00 00 00 00 00 00 00 00
00 00 00 00 00 00 00 00 00 00 00 00 00 00 00 00
00 00 00 00 00 00 00 00 00 00 00 00 00 00 00 00
00 00 00 00 00 00 00 00 00 00 00 00 00 00 00 00
00 00 00 00 00 00 00 00 00 00 00 00 00 00 00 00
00 00 00 00 00 00 00 00 00 00 00 00 00 00 00 00
00 00 00 00 00 00 00 00 00 00 00 00 00 00 00 00
00 00 00 00 2E EB C1 C2 F1 D8 B0 FB 2B 3C 4D 5E
D4 C3 B2 A1 CC 00 00 00 00 00 00 00 C5 96 02 12
31 09 94 06 00 00 00 00 00 00 00 00 00 00 00 00
00 00 00 00 86 83 7D 01 08 1A C0 0E 00 91 00 0F
48 FC 3A 2C 00 00 07 07 07 07 07 00 00 00 00 00
00 00 00 07 00 00 00 04 00 01 00 F9 48 0F 00 80
BB EC 01 24 00 00 00 21 FF 8C FF 7D 00 02 00 00
00 05 01 00 17 B5 01 00 39 01 00 00 00 00 00 00
00 00 00 00 00 00 00 00 00 00 00 00 00 00 00 00
00 00 00 00 00 00 00 00 00 00 00 00 00 00 00 00
00 00 00 00 00 00 00 00 00 00 00 00 00 00 00 00
01 00 00 00 00 00 00 00 00 00 00 00 00 00 00 00
00 00 00 00 00 00 00 00 00 00 00 00 00 00 00 00
24 6B 70 40 C3 70 BE FD 2B 3C 4D 5E D4 C3 B2 A1
CC 00 00 00 00 00 00 00 C5 96 02 12 31 11 39 08
00 00 00 00 00 00 00 00 00 00 00 00 00 00 00 00
86 83 7B 01 08 1A C0 0F 00 91 00 0F 48 FD 3A 35
00 00 07 07 07 07 07 00 00 00 00 00 00 00 00 07
00 00 00 04 00 01 00 F9 48 0F 00 80 BB EC 01 24
00 00 00 21 FF 8C FF 7D 00 02 00 00 00 05 01 00
17 B5 01 00 39 01 00 00 00 00 00 00 00 00 00 00
00 00 00 00 00 00 00 00 00 00 00 00 00 00 00 00
00 00 00 00 00 00 00 00 00 00 00 00 00 00 00 00
00 00 00 00 00 00 00 00 00 00 00 00 01 00 00 00
00 00 00 00 00 00 00 00 00 00 00 00 00 00 00 00
00 00 00 00 00 00 00 00 00 00 00 00 8D 48 3F 48
A3 7C 18 FC 2B 3C 4D 5E D4 C3 B2 A1 CC 00 00 00
00 00 00 00 C5 96 02 12 31 11 43 09 00 00 00 00
00 00 00 00 00 00 00 00 00 00 00 00 86 83 7C 01
08 1A C0 10 00 91 00 0F 48 FD BA 33 00 00 07 07
07 07 07 00 00 00 00 00 00 00 00 07 00 00 00 04
00 01 00 F9 48 0F 00 80 BB EC 01 24 00 00 00 21
FF 8C FF 7D 00 02 00 00 00 05 01 00 17 B5 01 00
39 01 00 00 00 00 00 00 00 00 00 00 00 00 00 00
00 00 00 00 00 00 00 00 00 00 00 00 00 00 00 00
00 00 00 00 00 00 00 00 00 00 00 00 00 00 00 00
00 00 00 00 00 00 00 00 01 00 00 00 00 00 00 00
00 00 00 00 00 00 00 00 00 00 00 00 00 00 00 00
00 00 00 00 00 00 00 00 04 1B 9E 71 A2 4D 6B FD
2B 3C 4D 5E D4 C3 B2 A1 CC 00 00 00 00 00 00 00
C5 96 02 12 31 12 88 04 00 00 00 00 00 00 00 00
00 00 00 00 00 00 00 00 86 83 7D 01 08 1A C0 11
00 91 00 0F 48 FE BA 38 00 00 07 07 07 07 07 00
00 00 00 00 00 00 00 07 00 00 00 04 00 01 00 F9
48 0F 00 80 BB EC 01 24 00 00 00 21 FF 8C FF 7D
00 02 00 00 00 05 01 00 17 B5 01 00 39 01 00 00
00 00 00 00 00 00 00 00 00 00 00 00 00 00 00 00
00 00 00 00 00 00 00 00 00 00 00 00 00 00 00 00
00 00 00 00 00 00 00 00 00 00 00 00 00 00 00 00
00 00 00 00 01 00 00 00 00 00 00 00 00 00 00 00
00 00 00 00 00 00 00 00 00 00 00 00 00 00 00 00
00 00 00 00 21 6B 6A A8 DC CA 0F F9 2B 3C 4D 5E
D4 C3 B2 A1 CC 00 00 00 00 00 00 00 C5 96 02 12
31 12 93 02 00 00 00 00 00 00 00 00 00 00 00 00
00 00 00 00 86 83 7E 01 08 1A C0 12 00 91 00 0F
48 FF 3A 4B 00 00 07 07 07 07 07 00 00 00 00 00
00 00 00 07 00 00 00 04 00 01 00 F9 48 0F 00 80
BB EC 01 24 00 00 00 21 FF 8C FF 7D 00 02 00 00
00 05 01 00 17 B5 01 00 39 01 00 00 00 00 00 00
00 00 00 00 00 00 00 00 00 00 00 00 00 00 00 00
00 00 00 00 00 00 00 00 00 00 00 00 00 00 00 00
00 00 00 00 00 00 00 00 00 00 00 00 00 00 00 00
01 00 00 00 00 00 00 00 00 00 00 00 00 00 00 00
00 00 00 00 00 00 00 00 00 00 00 00 00 00 00 00
F0 DE C3 1C 4D 38 90 FA 2B 3C 4D 5E 
