Raw dump (897 bytes)
57 00 00 00 00 00 00 00 00 00 00 6F 20 57 00 00
00 00 00 00 00 00 00 00 6F 20 57 00 00 00 00 00
00 00 00 00 00 6F 20 57 00 00 00 00 00 00 00 00
00 00 6F 20 57 00 00 00 00 00 00 00 00 00 00 6F
20 57 00 00 00 00 00 00 00 00 00 00 6F 20 57 00
00 00 00 00 00 00 00 00 00 6F 20 57 00 00 00 00
00 00 00 00 00 00 6F 20 57 00 00 00 00 00 00 00
00 00 00 6F 20 57 00 00 00 00 00 00 00 00 00 00
6F 20 57 00 00 00 00 00 00 00 00 00 00 6F 20 57
00 00 00 00 00 00 00 00 00 00 6F 20 57 00 00 00
00 00 00 00 00 00 00 6F 20 57 00 00 00 00 00 00
00 00 00 00 6F 20 57 00 00 00 00 00 00 00 00 00
00 6F 20 57 00 00 00 00 00 00 00 00 00 00 6F 20
57 00 00 00 00 00 00 00 00 00 00 6F 20 57 00 00
00 00 00 00 00 00 00 00 6F 20 57 00 00 00 00 00
00 00 00 00 00 6F 20 57 00 00 00 00 00 00 00 00
00 00 6F 20 57 00 00 00 00 00 00 00 00 00 00 6F
20 57 00 00 00 00 00 00 00 00 00 00 6F 20 57 00
00 00 00 00 00 00 00 00 00 6F 20 57 00 00 00 00
00 00 00 00 00 00 6F 20 57 00 00 00 00 00 00 00
00 00 00 6F 20 57 00 00 00 00 00 00 00 00 00 00
6F 20 57 00 00 00 00 00 00 00 00 00 00 6F 20 57
00 00 00 00 00 00 00 00 00 00 6F 20 57 00 00 00
00 00 00 00 00 00 00 6F 20 57 00 00 00 00 00 00
00 00 00 00 6F 20 57 00 00 00 00 00 00 00 00 00
00 6F 20 57 00 00 00 00 00 00 00 00 00 00 6F 20
57 00 00 00 00 00 00 00 00 00 00 6F 20 57 00 00
00 00 00 00 00 00 00 00 6F 20 57 00 00 00 00 00
00 00 00 00 00 6F 20 57 00 00 00 00 00 00 00 00
00 00 6F 20 57 00 00 00 00 00 00 00 00 00 00 6F
20 57 00 00 00 00 00 00 00 00 00 00 6F 20 57 00
00 00 00 00 00 00 00 00 00 6F 20 57 00 00 00 00
00 00 00 00 00 00 6F 20 57 00 00 00 00 00 00 00
00 00 00 6F 20 57 00 00 00 00 00 00 00 00 00 00
6F 20 57 00 00 00 00 00 00 00 00 00 00 6F 20 57
00 00 00 00 00 00 00 00 00 00 6F 20 57 00 00 00
00 00 00 00 00 00 00 6F 20 57 00 00 00 00 00 00
00 00 00 00 6F 20 57 00 00 00 00 00 00 00 00 00
00 6F 20 57 00 00 00 00 00 00 00 00 00 00 6F 20
57 00 00 00 00 00 00 00 00 00 00 6F 20 57 00 00
00 00 00 00 00 00 00 00 6F 20 57 00 00 00 00 00
00 00 00 00 00 6F 20 57 00 00 00 00 00 00 00 00
00 00 6F 20 57 00 00 00 00 00 00 00 00 00 00 6F
20 57 00 00 00 00 00 00 00 00 00 00 6F 20 57 00
00 00 00 00 00 00 00 00 00 6F 20 57 00 00 00 00
00 00 00 00 00 00 6F 20 57 00 00 00 00 00 00 00
00 00 00 6F 20 57 00 00 00 00 00 00 00 00 00 00
6F 20 57 00 00 00 00 00 00 00 00 00 00 6F 20 57
00 00 00 00 00 00 00 00 00 00 6F 20 57 00 00 00
00 00 00 00 00 00 00 6F 20 57 00 00 00 00 00 00
00 00 00 00 6F 20 57 00 00 00 00 00 00 00 00 00
00 6F 20 57 00 00 00 00 00 00 00 00 00 00 6F 20
57 00 00 00 00 00 00 00 00 00 00 6F 20 57 00 00
00 00 00 00 00 00 00 00 6F 20 57 00 00 00 00 00
00 00 00 00 00 6F 20 57 00 00 00 00 00 00 00 00
00 00 6F 20 57 00 00 00 00 00 00 00 00 00 00 6F
20 
