Raw dump (1520 bytes)
D4 C3 B2 A1 98 00 00 00 00 00 00 00 C5 96 02 08
56 06 70 01 00 00 00 00 00 00 00 00 00 00 00 00
00 00 00 00 86 83 7E 01 08 15 C0 01 00 5D 00 0F
46 D1 E1 03 00 00 00 00 03 00 00 00 00 00 00 00
6C 3A 00 00 9E 56 98 45 06 00 00 00 2F 63 66 2F
73 64 63 61 72 64 2F 57 41 4D 2E 6A 70 67 00 00
00 00 00 00 00 00 00 00 00 00 00 00 00 00 00 00
00 00 00 00 00 00 00 00 00 00 00 00 00 00 00 00
00 00 00 00 00 00 00 00 00 00 00 00 07 0A B1 23
FC AC BF FE 2B 3C 4D 5E D4 C3 B2 A1 98 00 00 00
00 00 00 00 C5 96 02 08 56 06 73 04 00 00 00 00
00 00 00 00 00 00 00 00 00 00 00 00 86 83 7F 01
08 15 C0 01 00 5D 00 0F 46 D1 E1 03 00 00 00 00
03 00 00 00 00 00 00 00 6C 3A 00 00 9E 56 98 45
06 00 00 00 2F 63 66 2F 73 64 63 61 72 64 2F 57
41 4D 2E 6A 70 67 00 00 00 00 00 00 00 00 00 00
00 00 00 00 00 00 00 00 00 00 00 00 00 00 00 00
00 00 00 00 00 00 00 00 00 00 00 00 00 00 00 00
00 00 00 00 07 0A B1 23 0A 5A F1 FC 2B 3C 4D 5E
D4 C3 B2 A1 98 00 00 00 00 00 00 00 C5 96 02 08
56 06 76 06 00 00 00 00 00 00 00 00 00 00 00 00
00 00 00 00 86 83 7B 01 08 15 C0 01 00 5D 00 0F
46 D1 E1 03 00 00 00 00 03 00 00 00 00 00 00 00
6C 3A 00 00 9E 56 98 45 06 00 00 00 2F 63 66 2F
73 64 63 61 72 64 2F 57 41 4D 2E 6A 70 67 00 00
00 00 00 00 00 00 00 00 00 00 00 00 00 00 00 00
00 00 00 00 00 00 00 00 00 00 00 00 00 00 00 00
00 00 00 00 00 00 00 00 00 00 00 00 07 0A B1 23
09 72 40 FC 2B 3C 4D 5E D4 C3 B2 A1 98 00 00 00
00 00 00 00 C5 96 02 08 56 08 19 05 00 00 00 00
00 00 00 00 00 00 00 00 00 00 00 00 86 83 7C 01
08 15 C0 01 00 5D 00 0F 46 D1 E1 03 00 00 00 00
03 00 00 00 00 00 00 00 6C 3A 00 00 9E 56 98 45
06 00 00 00 2F 63 66 2F 73 64 63 61 72 64 2F 57
41 4D 2E 6A 70 67 00 00 00 00 00 00 00 00 00 00
00 00 00 00 00 00 00 00 00 00 00 00 00 00 00 00
00 00 00 00 00 00 00 00 00 00 00 00 00 00 00 00
00 00 00 00 07 0A B1 23 44 F7 9C FE 2B 3C 4D 5E
D4 C3 B2 A1 98 00 00 00 00 00 00 00 C5 96 02 08
56 08 22 07 00 00 00 00 00 00 00 00 00 00 00 00
00 00 00 00 86 83 7D 01 08 15 C0 01 00 5D 00 0F
46 D1 E1 03 00 00 00 00 03 00 00 00 00 00 00 00
6C 3A 00 00 9E 56 98 45 06 00 00 00 2F 63 66 2F
73 64 63 61 72 64 2F 57 41 4D 2E 6A 70 67 00 00
00 00 00 00 00 00 00 00 00 00 00 00 00 00 00 00
00 00 00 00 00 00 00 00 00 00 00 00 00 00 00 00
00 00 00 00 00 00 00 00 00 00 00 00 07 0A B1 23
CE 72 FD FA 2B 3C 4D 5E D4 C3 B2 A1 98 00 00 00
00 00 00 00 C5 96 02 08 56 08 26 00 00 00 00 00
00 00 00 00 00 00 00 00 00 00 00 00 86 83 7E 01
08 15 C0 01 00 5D 00 0F 46 D1 E1 03 00 00 00 00
03 00 00 00 00 00 00 00 6C 3A 00 00 9E 56 98 45
06 00 00 00 2F 63 66 2F 73 64 63 61 72 64 2F 57
41 4D 2E 6A 70 67 00 00 00 00 00 00 00 00 00 00
00 00 00 00 00 00 00 00 00 00 00 00 00 00 00 00
00 00 00 00 00 00 00 00 00 00 00 00 00 00 00 00
00 00 00 00 07 0A B1 23 D0 E6 79 FB 2B 3C 4D 5E
D4 C3 B2 A1 98 00 00 00 00 00 00 00 C5 96 02 08
56 09 70 04 00 00 00 00 00 00 00 00 00 00 00 00
00 00 00 00 86 83 7F 01 08 15 C0 01 00 5D 00 0F
46 D1 E1 03 00 00 00 00 03 00 00 00 00 00 00 00
6C 3A 00 00 9E 56 98 45 06 00 00 00 2F 63 66 2F
73 64 63 61 72 64 2F 57 41 4D 2E 6A 70 67 00 00
00 00 00 00 00 00 00 00 00 00 00 00 00 00 00 00
00 00 00 00 00 00 00 00 00 00 00 00 00 00 00 00
00 00 00 00 00 00 00 00 00 00 00 00 07 0A B1 23
CC 53 F1 FF 2B 3C 4D 5E D4 C3 B2 A1 98 00 00 00
00 00 00 00 C5 96 02 08 56 09 72 09 00 00 00 00
00 00 00 00 00 00 00 00 00 00 00 00 86 83 7B 01
08 15 C0 01 00 5D 00 0F 46 D1 E1 03 00 00 00 00
03 00 00 00 00 00 00 00 6C 3A 00 00 9E 56 98 45
06 00 00 00 2F 63 66 2F 73 64 63 61 72 64 2F 57
41 4D 2E 6A 70 67 00 00 00 00 00 00 00 00 00 00
00 00 00 00 00 00 00 00 00 00 00 00 00 00 00 00
00 00 00 00 00 00 00 00 00 00 00 00 00 00 00 00
00 00 00 00 07 0A B1 23 0C 13 47 FA 2B 3C 4D 5E
D4 C3 B2 A1 98 00 00 00 00 00 00 00 C5 96 02 08
56 09 76 01 00 00 00 00 00 00 00 00 00 00 00 00
00 00 00 00 86 83 7C 01 08 15 C0 01 00 5D 00 0F
46 D1 E1 03 00 00 00 00 03 00 00 00 00 00 00 00
6C 3A 00 00 9E 56 98 45 06 00 00 00 2F 63 66 2F
73 64 63 61 72 64 2F 57 41 4D 2E 6A 70 67 00 00
00 00 00 00 00 00 00 00 00 00 00 00 00 00 00 00
00 00 00 00 00 00 00 00 00 00 00 00 00 00 00 00
00 00 00 00 00 00 00 00 00 00 00 00 07 0A B1 23
2F 2B 57 FD 2B 3C 4D 5E D4 C3 B2 A1 98 00 00 00
00 00 00 00 C5 96 02 08 56 11 19 07 00 00 00 00
00 00 00 00 00 00 00 00 00 00 00 00 86 83 7D 01
08 15 C0 01 00 5D 00 0F 46 D1 E1 03 00 00 00 00
03 00 00 00 00 00 00 00 6C 3A 00 00 9E 56 98 45
06 00 00 00 2F 63 66 2F 73 64 63 61 72 64 2F 57
41 4D 2E 6A 70 67 00 00 00 00 00 00 00 00 00 00
00 00 00 00 00 00 00 00 00 00 00 00 00 00 00 00
00 00 00 00 00 00 00 00 00 00 00 00 00 00 00 00
00 00 00 00 07 0A B1 23 41 7D 25 F9 2B 3C 4D 5E

