Raw dump (1228 bytes)
D4 C3 B2 A1 D0 00 00 00 00 00 00 00 C5 96 02 12
34 28 93 08 00 00 00 00 00 00 00 00 00 00 00 00
00 00 00 00 86 86 7F 01 08 25 C0 00 00 95 00 0F
49 AC AE 5B 00 00 00 00 30 18 02 02 03 00 01 C0
00 00 00 00 00 00 00 00 00 00 00 00 00 00 00 00
00 00 00 00 00 00 00 00 00 00 00 00 00 00 00 00
00 00 00 00 00 00 00 00 00 00 00 00 00 00 00 00
00 00 00 00 00 00 00 00 00 00 00 00 00 00 00 00
00 00 00 00 00 00 00 00 00 00 00 00 00 00 00 00
00 00 00 00 00 00 00 00 00 00 00 00 00 00 00 00
00 00 00 00 00 00 00 00 00 00 00 00 00 00 00 00
00 00 00 00 00 00 00 00 00 00 00 00 00 00 00 00
00 00 00 00 E1 A1 B5 18 12 70 6F FE 2B 3C 4D 5E
D4 C3 B2 A1 CC 00 00 00 00 00 00 00 C5 96 02 12
34 28 97 09 00 00 00 00 00 00 00 00 00 00 00 00
00 00 00 00 86 83 7D 01 08 1A C0 0E 00 91 00 0F
49 AD 28 A8 00 00 07 07 07 07 07 00 00 00 00 00
00 00 00 07 00 00 00 02 00 02 00 A9 49 0F 00 B9
5C 58 F2 2C 00 00 00 11 FF 8E FF 7D 00 02 00 00
00 05 01 00 50 B4 01 00 38 01 00 00 00 00 00 00
00 00 00 00 00 00 00 00 00 00 00 00 00 00 00 00
00 00 00 00 00 00 00 00 00 00 00 00 00 00 00 00
00 00 00 00 00 00 00 00 00 00 00 00 00 00 00 00
01 00 00 00 00 00 00 00 00 00 00 00 00 00 00 00
00 00 00 00 00 00 00 00 00 00 00 00 00 00 00 00
C1 93 0E 3C A1 1B 66 FD 2B 3C 4D 5E D4 C3 B2 A1
CC 00 00 00 00 00 00 00 C5 96 02 12 34 30 42 03
00 00 00 00 00 00 00 00 00 00 00 00 00 00 00 00
86 83 7B 01 08 1A C0 0F 00 91 00 0F 49 AE 28 B7
00 00 07 07 07 07 07 00 00 00 00 00 00 00 00 07
00 00 00 02 00 02 00 A9 49 0F 00 B9 5C 58 F2 2C
00 00 00 11 FF 8E FF 7D 00 02 00 00 00 05 01 00
50 B4 01 00 38 01 00 00 00 00 00 00 00 00 00 00
00 00 00 00 00 00 00 00 00 00 00 00 00 00 00 00
00 00 00 00 00 00 00 00 00 00 00 00 00 00 00 00
00 00 00 00 00 00 00 00 00 00 00 00 01 00 00 00
00 00 00 00 00 00 00 00 00 00 00 00 00 00 00 00
00 00 00 00 00 00 00 00 00 00 00 00 86 D5 E4 EE
80 45 58 FC 2B 3C 4D 5E D4 C3 B2 A1 CC 00 00 00
00 00 00 00 C5 96 02 12 34 30 47 02 00 00 00 00
00 00 00 00 00 00 00 00 00 00 00 00 86 83 7C 01
08 1A C0 10 00 91 00 0F 49 AE A8 B6 00 00 07 07
07 07 07 00 00 00 00 00 00 00 00 07 00 00 00 02
00 02 00 A9 49 0F 00 B9 5C 58 F2 2C 00 00 00 11
FF 8E FF 7D 00 02 00 00 00 05 01 00 50 B4 01 00
38 01 00 00 00 00 00 00 00 00 00 00 00 00 00 00
00 00 00 00 00 00 00 00 00 00 00 00 00 00 00 00
00 00 00 00 00 00 00 00 00 00 00 00 00 00 00 00
00 00 00 00 00 00 00 00 01 00 00 00 00 00 00 00
00 00 00 00 00 00 00 00 00 00 00 00 00 00 00 00
00 00 00 00 00 00 00 00 59 DD 76 42 F2 39 A5 FB
2B 3C 4D 5E D4 C3 B2 A1 CC 00 00 00 00 00 00 00
C5 96 02 12 34 31 94 01 00 00 00 00 00 00 00 00
00 00 00 00 00 00 00 00 86 83 7D 01 08 1A C0 11
00 91 00 0F 49 AF A8 A6 00 00 07 07 07 07 07 00
00 00 00 00 00 00 00 07 00 00 00 02 00 02 00 A9
49 0F 00 B9 5C 58 F2 2C 00 00 00 11 FF 8E FF 7D
00 02 00 00 00 05 01 00 50 B4 01 00 38 01 00 00
00 00 00 00 00 00 00 00 00 00 00 00 00 00 00 00
00 00 00 00 00 00 00 00 00 00 00 00 00 00 00 00
00 00 00 00 00 00 00 00 00 00 00 00 00 00 00 00
00 00 00 00 01 00 00 00 00 00 00 00 00 00 00 00
00 00 00 00 00 00 00 00 00 00 00 00 00 00 00 00
00 00 00 00 0A 13 6D F5 A4 B5 CE FD 2B 3C 4D 5E
D4 C3 B2 A1 CC 00 00 00 00 00 00 00 C5 96 02 12
34 31 98 02 00 00 00 00 00 00 00 00 00 00 00 00
00 00 00 00 86 83 7E 01 08 1A C0 12 00 91 00 0F
49 B0 28 A1 00 00 07 07 07 07 07 00 00 00 00 00
00 00 00 07 00 00 00 02 00 02 00 A9 49 0F 00 B9
5C 58 F2 2C 00 00 00 11 FF 8E FF 7D 00 02 00 00
00 05 01 00 50 B4 01 00 38 01 00 00 00 00 00 00
00 00 00 00 00 00 00 00 00 00 00 00 00 00 00 00
00 00 00 00 00 00 00 00 00 00 00 00 00 00 00 00
00 00 00 00 00 00 00 00 00 00 00 00 00 00 00 00
01 00 00 00 00 00 00 00 00 00 00 00 00 00 00 00
00 00 00 00 00 00 00 00 00 00 00 00 00 00 00 00
2E DA F1 FB 3E EA 63 FE 2B 3C 4D 5E 
