Raw dump (416 bytes)
D4 C3 B2 A1 D0 00 00 00 00 00 00 00 C5 96 02 13
59 04 45 09 00 00 00 00 00 00 00 00 00 00 00 00
00 00 00 00 86 86 7F 01 08 25 C0 00 00 95 00 0F
48 BF FF CE 00 00 00 00 54 18 14 00 00 00 00 00
02 00 98 FF 00 00 00 00 00 00 00 00 00 00 00 00
00 00 00 00 00 00 00 00 00 00 00 00 00 00 00 00
00 00 00 00 00 00 00 00 00 00 00 00 00 00 00 00
00 00 00 00 00 00 00 00 00 00 00 00 00 00 00 00
00 00 00 00 00 00 00 00 00 00 00 00 00 00 00 00
00 00 00 00 00 00 00 00 00 00 00 00 00 00 00 00
00 00 00 00 00 00 00 00 00 00 00 00 00 00 00 00
00 00 00 00 00 00 00 00 00 00 00 00 00 00 00 00
00 00 00 00 27 4D 61 0F 83 6D 86 FB 2B 3C 4D 5E
D4 C3 B2 A1 D0 00 00 00 00 00 00 00 C5 96 02 13
59 06 36 09 00 00 00 00 00 00 00 00 00 00 00 00
00 00 00 00 86 86 7C 01 08 25 C0 00 00 95 00 0F
48 C1 E9 C2 00 00 00 00 54 18 14 00 00 00 00 00
02 00 97 FF 00 00 00 00 00 00 00 00 00 00 00 00
00 00 00 00 00 00 00 00 00 00 00 00 00 00 00 00
00 00 00 00 00 00 00 00 00 00 00 00 00 00 00 00
00 00 00 00 00 00 00 00 00 00 00 00 00 00 00 00
00 00 00 00 00 00 00 00 00 00 00 00 00 00 00 00
00 00 00 00 00 00 00 00 00 00 00 00 00 00 00 00
00 00 00 00 00 00 00 00 00 00 00 00 00 00 00 00
00 00 00 00 00 00 00 00 00 00 00 00 00 00 00 00
00 00 00 00 10 B9 5F 03 9B DD 21 FD 2B 3C 4D 5E

