Raw dump (920 bytes)
D4 C3 B2 A1 C4 00 00 00 00 00 00 00 C5 95 02 12
15 33 46 01 00 00 00 00 00 00 00 00 00 00 00 00
00 00 00 00 86 83 7C 01 08 78 40 00 00 89 00 0F
47 61 60 29 00 00 00 00 FF D8 FF E0 00 10 4A 46
49 46 00 01 01 01 00 60 00 60 00 00 FF DB 00 43
00 08 06 06 07 06 05 08 07 07 07 09 09 08 0A 0C
14 0D 0C 0B 0B 0C 19 12 13 0F 14 1D 1A 1F 1E 1D
1A 1C 1C 20 24 2E 27 20 22 2C 23 1C 1C 28 37 29
2C 30 31 34 34 34 1F 27 39 3D 38 32 3C 2E 33 34
32 FF DB 00 43 01 09 09 09 0C 0B 0C 18 0D 0D 18
32 21 1C 21 32 32 32 32 32 32 32 32 32 32 32 32
32 32 32 32 32 32 32 32 91 AC 60 7F 0F 81 A6 FB
2B 3C 4D 5E D4 C3 B2 A1 C4 00 00 00 00 00 00 00
C5 95 02 12 15 33 78 08 00 00 00 00 00 00 00 00
00 00 00 00 00 00 00 00 86 83 7D 01 08 78 00 01
00 0A 00 0F 47 61 73 EC 00 00 00 00 32 D8 FF E0
00 10 4A 46 49 46 00 01 01 01 00 60 00 60 00 00
FF DB 00 43 00 08 06 06 07 06 05 08 07 07 07 09
09 08 0A 0C 14 0D 0C 0B 0B 0C 19 12 13 0F 14 1D
1A 1F 1E 1D 1A 1C 1C 20 24 2E 27 20 22 2C 23 1C
1C 28 37 29 2C 30 31 34 34 34 1F 27 39 3D 38 32
3C 2E 33 34 32 FF DB 00 43 01 09 09 09 0C 0B 0C
18 0D 0D 18 32 21 1C 21 32 32 32 32 32 32 32 32
32 32 32 32 32 32 32 32 32 32 32 32 7A 55 5A BE
06 D1 C3 FF 2B 3C 4D 5E D4 C3 B2 A1 44 00 00 00
00 00 00 00 C5 95 02 12 15 33 88 06 00 00 00 00
00 00 00 00 00 00 00 00 00 00 00 00 86 83 7E 01
08 78 80 02 00 09 00 0F 47 61 87 D8 00 00 00 00
3A 8C 03 57 DD E2 B0 FB 2B 3C 4D 5E D4 C3 B2 A1
C4 00 00 00 00 00 00 00 C5 95 02 12 15 34 63 06
00 00 00 00 00 00 00 00 00 00 00 00 00 00 00 00
86 83 7F 01 08 78 40 00 00 89 00 0F 47 62 8E 36
00 00 00 00 FF D8 FF E0 00 10 4A 46 49 46 00 01
01 01 00 60 00 60 00 00 FF DB 00 43 00 08 06 06
07 06 05 08 07 07 07 09 09 08 0A 0C 14 0D 0C 0B
0B 0C 19 12 13 0F 14 1D 1A 1F 1E 1D 1A 1C 1C 20
24 2E 27 20 22 2C 23 1C 1C 28 37 29 2C 30 31 34
34 34 1F 27 39 3D 38 32 3C 2E 33 34 32 FF DB 00
43 01 09 09 09 0C 0B 0C 18 0D 0D 18 32 21 1C 21
32 32 32 32 32 32 32 32 32 32 32 32 32 32 32 32
32 32 32 32 38 51 22 51 A6 16 37 F9 2B 3C 4D 5E
D4 C3 B2 A1 C4 00 00 00 00 00 00 00 C5 95 02 12
15 34 97 01 00 00 00 00 00 00 00 00 00 00 00 00
00 00 00 00 86 83 7B 01 08 78 00 01 00 0A 00 0F
47 62 A1 F2 00 00 00 00 32 D8 FF E0 00 10 4A 46
49 46 00 01 01 01 00 60 00 60 00 00 FF DB 00 43
00 08 06 06 07 06 05 08 07 07 07 09 09 08 0A 0C
14 0D 0C 0B 0B 0C 19 12 13 0F 14 1D 1A 1F 1E 1D
1A 1C 1C 20 24 2E 27 20 22 2C 23 1C 1C 28 37 29
2C 30 31 34 34 34 1F 27 39 3D 38 32 3C 2E 33 34
32 FF DB 00 43 01 09 09 09 0C 0B 0C 18 0D 0D 18
32 21 1C 21 32 32 32 32 32 32 32 32 32 32 32 32
32 32 32 32 32 32 32 32 94 2C 92 AF FD 77 A6 F8
2B 3C 4D 5E D4 C3 B2 A1 44 00 00 00 00 00 00 00
C5 95 02 12 15 35 06 09 00 00 00 00 00 00 00 00
00 00 00 00 00 00 00 00 86 83 7C 01 08 78 80 02
00 09 00 0F 47 62 B5 CB 00 00 00 00 DB EC 21 58
A9 25 78 FD 2B 3C 4D 5E 
