Raw dump (1228 bytes)
D4 C3 B2 A1 D0 00 00 00 00 00 00 00 C5 96 02 12
31 54 90 05 00 00 00 00 00 00 00 00 00 00 00 00
00 00 00 00 86 86 7E 01 08 25 C0 00 00 95 00 0F
49 28 C9 E9 00 00 00 00 30 18 02 02 03 00 01 C0
00 00 00 00 00 00 00 00 00 00 00 00 00 00 00 00
00 00 00 00 00 00 00 00 00 00 00 00 00 00 00 00
00 00 00 00 00 00 00 00 00 00 00 00 00 00 00 00
00 00 00 00 00 00 00 00 00 00 00 00 00 00 00 00
00 00 00 00 00 00 00 00 00 00 00 00 00 00 00 00
00 00 00 00 00 00 00 00 00 00 00 00 00 00 00 00
00 00 00 00 00 00 00 00 00 00 00 00 00 00 00 00
00 00 00 00 00 00 00 00 00 00 00 00 00 00 00 00
00 00 00 00 C4 78 92 8C 52 E5 F9 FA 2B 3C 4D 5E
D4 C3 B2 A1 CC 00 00 00 00 00 00 00 C5 96 02 12
31 54 94 05 00 00 00 00 00 00 00 00 00 00 00 00
00 00 00 00 86 83 7F 01 08 1A C0 1B 00 91 00 0F
49 29 3C 3B 00 00 07 07 07 07 07 00 00 00 00 00
00 00 00 0E 00 00 00 05 00 01 00 26 49 0F 00 31
1D DF 01 26 00 00 00 21 FF 94 FF 7D 00 02 00 00
00 05 01 00 EA B4 01 00 3A 01 00 00 00 00 00 00
00 00 00 00 00 00 00 00 00 00 00 00 00 00 00 00
00 00 00 00 00 00 00 00 00 00 00 00 00 00 00 00
00 00 00 00 00 00 00 00 00 00 00 00 00 00 00 00
01 00 00 00 00 00 00 00 00 00 00 00 00 00 00 00
00 00 00 00 00 00 00 00 00 00 00 00 00 00 00 00
63 F3 24 53 77 D0 D8 FB 2B 3C 4D 5E D4 C3 B2 A1
CC 00 00 00 00 00 00 00 C5 96 02 12 31 56 39 07
00 00 00 00 00 00 00 00 00 00 00 00 00 00 00 00
86 83 7D 01 08 1A C0 1C 00 91 00 0F 49 2A 3C 38
00 00 07 07 07 07 07 00 00 00 00 00 00 00 00 0E
00 00 00 05 00 01 00 26 49 0F 00 31 1D DF 01 26
00 00 00 21 FF 94 FF 7D 00 02 00 00 00 05 01 00
EA B4 01 00 3A 01 00 00 00 00 00 00 00 00 00 00
00 00 00 00 00 00 00 00 00 00 00 00 00 00 00 00
00 00 00 00 00 00 00 00 00 00 00 00 00 00 00 00
00 00 00 00 00 00 00 00 00 00 00 00 01 00 00 00
00 00 00 00 00 00 00 00 00 00 00 00 00 00 00 00
00 00 00 00 00 00 00 00 00 00 00 00 1B 51 2C BC
56 49 1D FE 2B 3C 4D 5E D4 C3 B2 A1 CC 00 00 00
00 00 00 00 C5 96 02 12 31 56 43 08 00 00 00 00
00 00 00 00 00 00 00 00 00 00 00 00 86 83 7E 01
08 1A C0 1D 00 91 00 0F 49 2A BC 44 00 00 07 07
07 07 07 00 00 00 00 00 00 00 00 0E 00 00 00 05
00 01 00 26 49 0F 00 31 1D DF 01 26 00 00 00 21
FF 94 FF 7D 00 02 00 00 00 05 01 00 EA B4 01 00
3A 01 00 00 00 00 00 00 00 00 00 00 00 00 00 00
00 00 00 00 00 00 00 00 00 00 00 00 00 00 00 00
00 00 00 00 00 00 00 00 00 00 00 00 00 00 00 00
00 00 00 00 00 00 00 00 01 00 00 00 00 00 00 00
00 00 00 00 00 00 00 00 00 00 00 00 00 00 00 00
00 00 00 00 00 00 00 00 BD 18 6B 94 12 79 78 F9
2B 3C 4D 5E D4 C3 B2 A1 CC 00 00 00 00 00 00 00
C5 96 02 12 31 57 88 02 00 00 00 00 00 00 00 00
00 00 00 00 00 00 00 00 86 83 7F 01 08 1A C0 1E
00 91 00 0F 49 2B BC 53 00 00 07 07 07 07 07 00
00 00 00 00 00 00 00 0E 00 00 00 05 00 01 00 26
49 0F 00 31 1D DF 01 26 00 00 00 21 FF 94 FF 7D
00 02 00 00 00 05 01 00 EA B4 01 00 3A 01 00 00
00 00 00 00 00 00 00 00 00 00 00 00 00 00 00 00
00 00 00 00 00 00 00 00 00 00 00 00 00 00 00 00
00 00 00 00 00 00 00 00 00 00 00 00 00 00 00 00
00 00 00 00 01 00 00 00 00 00 00 00 00 00 00 00
00 00 00 00 00 00 00 00 00 00 00 00 00 00 00 00
00 00 00 00 99 AE 8A 3E 84 65 C1 F8 2B 3C 4D 5E
D4 C3 B2 A1 CC 00 00 00 00 00 00 00 C5 96 02 12
31 57 92 03 00 00 00 00 00 00 00 00 00 00 00 00
00 00 00 00 86 83 7B 01 08 1A C0 1F 00 91 00 0F
49 2C 3C 41 00 00 07 07 07 07 07 00 00 00 00 00
00 00 00 15 00 00 00 05 00 01 00 26 49 0F 00 31
1D DF 01 26 00 00 00 21 FF 94 FF 7D 00 02 00 00
00 05 01 00 EA B4 01 00 3A 01 00 00 00 00 00 00
00 00 00 00 00 00 00 00 00 00 00 00 00 00 00 00
00 00 00 00 00 00 00 00 00 00 00 00 00 00 00 00
00 00 00 00 00 00 00 00 00 00 00 00 00 00 00 00
01 00 00 00 00 00 00 00 00 00 00 00 00 00 00 00
00 00 00 00 00 00 00 00 00 00 00 00 00 00 00 00
1E FB 5B 7D AC A8 47 FE 2B 3C 4D 5E 
