Raw dump (1020 bytes)
D4 C3 B2 A1 CC 00 00 00 00 00 00 00 C5 96 02 12
53 18 95 05 00 00 00 00 00 00 00 00 00 00 00 00
00 00 00 00 86 83 7E 01 08 1A C0 01 00 91 00 0F
46 59 3E 2D 00 00 07 07 07 07 07 00 00 00 00 00
00 00 00 00 00 00 00 00 00 01 00 56 46 0F 00 E9
EE DF 01 02 00 00 00 21 FF 8E FF 7D 00 02 00 00
00 05 01 00 E6 AF 01 00 2A 01 00 00 00 00 00 00
00 00 00 00 00 00 00 00 00 00 00 00 00 00 00 00
00 00 00 00 00 00 00 00 00 00 00 00 00 00 00 00
00 00 00 00 00 00 00 00 00 00 00 00 00 00 00 00
01 00 00 00 00 00 00 00 00 00 00 00 00 00 00 00
00 00 00 00 00 00 00 00 00 00 00 00 00 00 00 00
67 D4 30 5B 6B F2 98 F9 2B 3C 4D 5E D4 C3 B2 A1
CC 00 00 00 00 00 00 00 C5 96 02 12 53 18 99 05
00 00 00 00 00 00 00 00 00 00 00 00 00 00 00 00
86 83 7C 01 08 1A C0 02 00 91 00 0F 46 5A 3E 36
00 00 07 07 07 07 07 00 00 00 00 00 00 00 00 00
00 00 00 00 00 01 00 56 46 0F 00 E9 EE DF 01 02
00 00 00 21 FF 8E FF 7D 00 02 00 00 00 05 01 00
E6 AF 01 00 2A 01 00 00 00 00 00 00 00 00 00 00
00 00 00 00 00 00 00 00 00 00 00 00 00 00 00 00
00 00 00 00 00 00 00 00 00 00 00 00 00 00 00 00
00 00 00 00 00 00 00 00 00 00 00 00 01 00 00 00
00 00 00 00 00 00 00 00 00 00 00 00 00 00 00 00
00 00 00 00 00 00 00 00 00 00 00 00 1E EA 40 56
02 A1 A3 F9 2B 3C 4D 5E D4 C3 B2 A1 CC 00 00 00
00 00 00 00 C5 96 02 12 53 20 45 06 00 00 00 00
00 00 00 00 00 00 00 00 00 00 00 00 86 83 7D 01
08 1A C0 03 00 91 00 0F 46 5A BE 29 00 00 07 07
07 07 07 00 00 00 00 00 00 00 00 00 00 00 00 00
00 01 00 56 46 0F 00 E9 EE DF 01 02 00 00 00 21
FF 8E FF 7D 00 02 00 00 00 05 01 00 E6 AF 01 00
2A 01 00 00 00 00 00 00 00 00 00 00 00 00 00 00
00 00 00 00 00 00 00 00 00 00 00 00 00 00 00 00
00 00 00 00 00 00 00 00 00 00 00 00 00 00 00 00
00 00 00 00 00 00 00 00 01 00 00 00 00 00 00 00
00 00 00 00 00 00 00 00 00 00 00 00 00 00 00 00
00 00 00 00 00 00 00 00 FB 20 BE 85 DB 0F 6B FA
2B 3C 4D 5E D4 C3 B2 A1 CC 00 00 00 00 00 00 00
C5 96 02 12 53 20 49 07 00 00 00 00 00 00 00 00
00 00 00 00 00 00 00 00 86 83 7E 01 08 1A C0 04
00 91 00 0F 46 5B BE 61 00 00 07 07 07 07 07 00
00 00 00 00 00 00 00 00 00 00 00 00 00 01 00 56
46 0F 00 E9 EE DF 01 02 00 00 00 21 FF 8E FF 7D
00 02 00 00 00 05 01 00 E6 AF 01 00 2A 01 00 00
00 00 00 00 00 00 00 00 00 00 00 00 00 00 00 00
00 00 00 00 00 00 00 00 00 00 00 00 00 00 00 00
00 00 00 00 00 00 00 00 00 00 00 00 00 00 00 00
00 00 00 00 01 00 00 00 00 00 00 00 00 00 00 00
00 00 00 00 00 00 00 00 00 00 00 00 00 00 00 00
00 00 00 00 78 08 57 D9 02 13 92 FB 2B 3C 4D 5E
D4 C3 B2 A1 CC 00 00 00 00 00 00 00 C5 96 02 12
53 21 95 07 00 00 00 00 00 00 00 00 00 00 00 00
00 00 00 00 86 83 7F 01 08 1A C0 05 00 91 00 0F
46 5C 3E 3E 00 00 07 07 07 07 07 00 00 00 00 00
00 00 00 00 00 00 00 00 00 01 00 56 46 0F 00 E9
EE DF 01 02 00 00 00 21 FF 8E FF 7D 00 02 00 00
00 05 01 00 E6 AF 01 00 2A 01 00 00 00 00 00 00
00 00 00 00 00 00 00 00 00 00 00 00 00 00 00 00
00 00 00 00 00 00 00 00 00 00 00 00 00 00 00 00
00 00 00 00 00 00 00 00 00 00 00 00 00 00 00 00
01 00 00 00 00 00 00 00 00 00 00 00 00 00 00 00
00 00 00 00 00 00 00 00 00 00 00 00 00 00 00 00
D7 06 F4 46 EB 21 DE FB 2B 3C 4D 5E 
