Raw dump (1228 bytes)
D4 C3 B2 A1 D0 00 00 00 00 00 00 00 C5 96 02 12
30 24 90 06 00 00 00 00 00 00 00 00 00 00 00 00
00 00 00 00 86 86 7F 01 08 25 C0 00 00 95 00 0F
48 CE CB DE 00 00 00 00 30 18 02 02 03 00 01 C0
00 00 00 00 00 00 00 00 00 00 00 00 00 00 00 00
00 00 00 00 00 00 00 00 00 00 00 00 00 00 00 00
00 00 00 00 00 00 00 00 00 00 00 00 00 00 00 00
00 00 00 00 00 00 00 00 00 00 00 00 00 00 00 00
00 00 00 00 00 00 00 00 00 00 00 00 00 00 00 00
00 00 00 00 00 00 00 00 00 00 00 00 00 00 00 00
00 00 00 00 00 00 00 00 00 00 00 00 00 00 00 00
00 00 00 00 00 00 00 00 00 00 00 00 00 00 00 00
00 00 00 00 90 04 43 FD 6C F6 6F FB 2B 3C 4D 5E
D4 C3 B2 A1 CC 00 00 00 00 00 00 00 C5 96 02 12
30 24 94 07 00 00 00 00 00 00 00 00 00 00 00 00
00 00 00 00 86 83 7B 01 08 1A C0 01 00 91 00 0F
48 CF 3C 48 00 00 07 07 07 07 07 00 00 00 00 00
00 00 00 00 00 00 00 03 00 01 00 CC 48 0F 00 EC
D6 D7 01 21 00 00 00 21 FF 90 FF 7D 00 02 00 00
00 05 01 00 44 B5 01 00 39 01 00 00 00 00 00 00
00 00 00 00 00 00 00 00 00 00 00 00 00 00 00 00
00 00 00 00 00 00 00 00 00 00 00 00 00 00 00 00
00 00 00 00 00 00 00 00 00 00 00 00 00 00 00 00
01 00 00 00 00 00 00 00 00 00 00 00 00 00 00 00
00 00 00 00 00 00 00 00 00 00 00 00 00 00 00 00
99 86 DB D4 6A 31 63 FE 2B 3C 4D 5E D4 C3 B2 A1
CC 00 00 00 00 00 00 00 C5 96 02 12 30 26 39 02
00 00 00 00 00 00 00 00 00 00 00 00 00 00 00 00
86 83 7E 01 08 1A C0 02 00 91 00 0F 48 D0 3C 29
00 00 07 07 07 07 07 00 00 00 00 00 00 00 00 00
00 00 00 03 00 01 00 CC 48 0F 00 EC D6 D7 01 21
00 00 00 21 FF 90 FF 7D 00 02 00 00 00 05 01 00
44 B5 01 00 39 01 00 00 00 00 00 00 00 00 00 00
00 00 00 00 00 00 00 00 00 00 00 00 00 00 00 00
00 00 00 00 00 00 00 00 00 00 00 00 00 00 00 00
00 00 00 00 00 00 00 00 00 00 00 00 01 00 00 00
00 00 00 00 00 00 00 00 00 00 00 00 00 00 00 00
00 00 00 00 00 00 00 00 00 00 00 00 C5 17 9D 17
13 75 27 FB 2B 3C 4D 5E D4 C3 B2 A1 CC 00 00 00
00 00 00 00 C5 96 02 12 30 26 43 03 00 00 00 00
00 00 00 00 00 00 00 00 00 00 00 00 86 83 7F 01
08 1A C0 03 00 91 00 0F 48 D0 BC 1C 00 00 07 07
07 07 07 00 00 00 00 00 00 00 00 00 00 00 00 03
00 01 00 CC 48 0F 00 EC D6 D7 01 21 00 00 00 21
FF 90 FF 7D 00 02 00 00 00 05 01 00 44 B5 01 00
39 01 00 00 00 00 00 00 00 00 00 00 00 00 00 00
00 00 00 00 00 00 00 00 00 00 00 00 00 00 00 00
00 00 00 00 00 00 00 00 00 00 00 00 00 00 00 00
00 00 00 00 00 00 00 00 01 00 00 00 00 00 00 00
00 00 00 00 00 00 00 00 00 00 00 00 00 00 00 00
00 00 00 00 00 00 00 00 69 EA CD 01 AD C9 33 FF
2B 3C 4D 5E D4 C3 B2 A1 CC 00 00 00 00 00 00 00
C5 96 02 12 30 27 88 04 00 00 00 00 00 00 00 00
00 00 00 00 00 00 00 00 86 83 7B 01 08 1A C0 04
00 91 00 0F 48 D1 BC 53 00 00 07 07 07 07 07 00
00 00 00 00 00 00 00 00 00 00 00 03 00 01 00 CC
48 0F 00 EC D6 D7 01 21 00 00 00 21 FF 90 FF 7D
00 02 00 00 00 05 01 00 44 B5 01 00 39 01 00 00
00 00 00 00 00 00 00 00 00 00 00 00 00 00 00 00
00 00 00 00 00 00 00 00 00 00 00 00 00 00 00 00
00 00 00 00 00 00 00 00 00 00 00 00 00 00 00 00
00 00 00 00 01 00 00 00 00 00 00 00 00 00 00 00
00 00 00 00 00 00 00 00 00 00 00 00 00 00 00 00
00 00 00 00 BC 99 17 C8 0C 71 B4 F9 2B 3C 4D 5E
D4 C3 B2 A1 CC 00 00 00 00 00 00 00 C5 96 02 12
30 27 92 05 00 00 00 00 00 00 00 00 00 00 00 00
00 00 00 00 86 83 7C 01 08 1A C0 05 00 91 00 0F
48 D2 3C 33 00 00 07 07 07 07 07 00 00 00 00 00
00 00 00 07 00 00 00 03 00 01 00 CC 48 0F 00 EC
D6 D7 01 21 00 00 00 21 FF 90 FF 7D 00 02 00 00
00 05 01 00 44 B5 01 00 39 01 00 00 00 00 00 00
00 00 00 00 00 00 00 00 00 00 00 00 00 00 00 00
00 00 00 00 00 00 00 00 00 00 00 00 00 00 00 00
00 00 00 00 00 00 00 00 00 00 00 00 00 00 00 00
01 00 00 00 00 00 00 00 00 00 00 00 00 00 00 00
00 00 00 00 00 00 00 00 00 00 00 00 00 00 00 00
08 76 65 45 71 56 4D FA 2B 3C 4D 5E 
