Raw dump (2002 bytes)
57 00 00 00 00 00 00 00 00 00 00 6F 20 57 00 00
00 00 00 00 00 00 00 00 6F 20 57 00 00 00 00 00
00 00 00 00 00 6F 20 57 00 00 00 00 00 00 00 00
00 00 6F 20 57 00 00 00 00 00 00 00 00 00 00 6F
20 57 00 00 00 00 00 00 00 00 00 00 6F 20 57 00
00 00 00 00 00 00 00 00 00 6F 20 57 00 00 00 00
00 00 00 00 00 00 6F 20 57 00 00 00 00 00 00 00
00 00 00 6F 20 57 00 00 00 00 00 00 00 00 00 00
6F 20 57 00 00 00 00 00 00 00 00 00 00 6F 20 57
00 00 00 00 00 00 00 00 00 00 6F 20 57 00 00 00
00 00 00 00 00 00 00 6F 20 57 00 00 00 00 00 00
00 00 00 00 6F 20 57 00 00 00 00 00 00 00 00 00
00 6F 20 57 00 00 00 00 00 00 00 00 00 00 6F 20
57 00 00 00 00 00 00 00 00 00 00 6F 20 57 00 00
00 00 00 00 00 00 00 00 6F 20 57 00 00 00 00 00
00 00 00 00 00 6F 20 57 00 00 00 00 00 00 00 00
00 00 6F 20 57 04 00 00 00 00 00 00 00 00 00 14
20 57 00 00 00 00 00 00 00 00 00 00 14 20 57 08
00 00 00 00 00 00 00 00 00 14 20 57 00 00 00 00
00 00 00 00 00 00 14 20 57 00 00 00 00 00 00 00
00 00 00 6F 20 57 00 00 00 00 00 00 00 00 00 00
6F 20 57 00 00 00 00 00 00 00 00 00 00 6F 20 57
00 00 00 00 00 00 00 00 00 00 6F 20 57 00 00 00
00 00 00 00 00 00 00 6F 20 57 00 00 00 00 00 00
00 00 00 00 6F 20 57 00 00 00 00 00 00 00 00 00
00 6F 20 57 00 00 00 00 00 00 00 00 00 00 6F 20
57 00 00 00 00 00 00 00 00 00 00 6F 20 57 00 00
00 00 00 00 00 00 00 00 6F 20 57 00 00 00 00 00
00 00 00 00 00 6F 20 57 00 00 00 00 00 00 00 00
00 00 6F 20 57 00 00 00 00 00 00 00 00 00 00 6F
20 57 00 00 00 00 00 00 00 00 00 00 6F 20 57 00
00 00 00 00 00 00 00 00 00 6F 20 57 00 00 00 00
00 00 00 00 00 00 6F 20 57 00 00 00 00 00 00 00
00 00 00 6F 20 57 00 00 00 00 00 00 00 00 00 00
6F 20 57 00 00 00 00 00 00 00 00 00 00 6F 20 57
00 00 00 00 00 00 00 00 00 00 6F 20 57 00 00 00
00 00 00 00 00 00 00 6F 20 57 00 00 00 00 00 00
00 00 00 00 6F 20 57 00 00 00 00 00 00 00 00 00
00 6F 20 57 00 00 00 00 00 00 00 00 00 00 6F 20
57 00 00 00 00 00 00 00 00 00 00 6F 20 57 00 00
00 00 00 00 00 00 00 00 6F 20 57 00 00 00 00 00
00 00 00 00 00 6F 20 57 00 00 00 00 00 00 00 00
00 00 6F 20 57 00 00 00 00 00 00 00 00 00 00 6F
20 57 00 00 00 00 00 00 00 00 00 00 6F 20 57 00
00 00 00 00 00 00 00 00 00 6F 20 57 00 00 00 00
00 00 00 00 00 00 6F 20 57 00 00 00 00 00 00 00
00 00 00 6F 20 57 00 00 00 00 00 00 00 00 00 00
6F 20 57 00 00 00 00 00 00 00 00 00 00 6F 20 57
00 00 00 00 00 00 00 00 00 00 6F 20 57 00 00 00
00 00 00 00 00 00 00 6F 20 57 00 00 00 00 00 00
00 00 00 00 6F 20 57 00 00 00 00 00 00 00 00 00
00 6F 20 57 00 00 00 00 00 00 00 00 00 00 6F 20
57 00 00 00 00 00 00 00 00 00 00 6F 20 57 00 00
00 00 00 00 00 00 00 00 6F 20 57 00 00 00 00 00
00 00 00 00 00 6F 20 57 00 00 00 00 00 00 00 00
00 00 6F 20 57 00 00 00 00 00 00 00 00 00 00 6F
20 57 00 00 00 00 00 00 00 00 00 00 6F 20 57 00
00 00 00 00 00 00 00 00 00 6F 20 57 00 00 00 00
00 00 00 00 00 00 6F 20 57 00 00 00 00 00 00 00
00 00 00 6F 20 57 00 00 00 00 00 00 00 00 00 00
6F 20 57 00 00 00 00 00 00 00 00 00 00 6F 20 57
00 00 00 00 00 00 00 00 00 00 6F 20 57 00 00 00
00 00 00 00 00 00 00 6F 20 57 00 00 00 00 00 00
00 00 00 00 6F 20 57 00 00 00 00 00 00 00 00 00
00 6F 20 57 00 00 00 00 00 00 00 00 00 00 6F 20
57 00 00 00 00 00 00 00 00 00 00 6F 20 57 00 00
00 00 00 00 00 00 00 00 6F 20 57 00 00 00 00 00
00 00 00 00 00 6F 20 57 00 00 00 00 00 00 00 00
00 00 6F 20 57 00 00 00 00 00 00 00 00 00 00 6F
20 57 00 00 00 00 00 00 00 00 00 00 6F 20 57 00
00 00 00 00 00 00 00 00 00 6F 20 57 00 00 00 00
00 00 00 00 00 00 6F 20 57 00 00 00 00 00 00 00
00 00 00 6F 20 57 00 00 00 00 00 00 00 00 00 00
6F 20 57 00 00 00 00 00 00 00 00 00 00 6F 20 57
00 00 00 00 00 00 00 00 00 00 6F 20 57 00 00 00
00 00 00 00 00 00 00 6F 20 57 00 00 00 00 00 00
00 00 00 00 6F 20 57 00 00 00 00 00 00 00 00 00
00 6F 20 57 00 00 00 00 00 00 00 00 00 00 6F 20
57 00 00 00 00 00 00 00 00 00 00 6F 20 57 00 00
00 00 00 00 00 00 00 00 6F 20 57 00 00 00 00 00
00 00 00 00 00 6F 20 57 00 00 00 00 00 00 00 00
00 00 6F 20 57 00 00 00 00 00 00 00 00 00 00 6F
20 57 00 00 00 00 00 00 00 00 00 00 6F 20 57 00
00 00 00 00 00 00 00 00 00 6F 20 57 00 00 00 00
00 00 00 00 00 00 6F 20 57 00 00 00 00 00 00 00
00 00 00 6F 20 57 00 00 00 00 00 00 00 00 00 00
6F 20 57 00 00 00 00 00 00 00 00 00 00 6F 20 57
00 00 00 00 00 00 00 00 00 00 6F 20 57 00 00 00
00 00 00 00 00 00 00 6F 20 57 00 00 00 00 00 00
00 00 00 00 6F 20 57 00 00 00 00 00 00 00 00 00
00 6F 20 57 00 00 00 00 00 00 00 00 00 00 6F 20
57 00 00 00 00 00 00 00 00 00 00 6F 20 57 00 00
00 00 00 00 00 00 00 00 6F 20 57 00 00 00 00 00
00 00 00 00 00 6F 20 57 00 00 00 00 00 00 00 00
00 00 6F 20 57 00 00 00 00 00 00 00 00 00 00 6F
20 57 00 00 00 00 00 00 00 00 00 00 6F 20 57 00
00 00 00 00 00 00 00 00 00 6F 20 57 00 00 00 00
00 00 00 00 00 00 6F 20 57 00 00 00 00 00 00 00
00 00 00 6F 20 57 00 00 00 00 00 00 00 00 00 00
6F 20 57 00 00 00 00 00 00 00 00 00 00 6F 20 57
00 00 00 00 00 00 00 00 00 00 6F 20 57 00 00 00
00 00 00 00 00 00 00 6F 20 57 00 00 00 00 00 00
00 00 00 00 6F 20 57 00 00 00 00 00 00 00 00 00
00 6F 20 57 00 00 00 00 00 00 00 00 00 00 6F 20
57 00 00 00 00 00 00 00 00 00 00 6F 20 57 00 00
00 00 00 00 00 00 00 00 6F 20 57 00 00 00 00 00
00 00 00 00 00 6F 20 57 00 00 00 00 00 00 00 00
00 00 6F 20 57 00 00 00 00 00 00 00 00 00 00 6F
20 57 00 00 00 00 00 00 00 00 00 00 6F 20 57 00
00 00 00 00 00 00 00 00 00 6F 20 57 00 00 00 00
00 00 00 00 00 00 6F 20 57 00 00 00 00 00 00 00
00 00 00 6F 20 57 00 00 00 00 00 00 00 00 00 00
6F 20 57 00 00 00 00 00 00 00 00 00 00 6F 20 57
00 00 00 00 00 00 00 00 00 00 6F 20 57 00 00 00
00 00 00 00 00 00 00 6F 20 57 00 00 00 00 00 00
00 00 00 00 6F 20 57 00 00 00 00 00 00 00 00 00
00 6F 20 57 00 00 00 00 00 00 00 00 00 00 6F 20
57 00 00 00 00 00 00 00 00 00 00 6F 20 57 00 00
00 00 00 00 00 00 00 00 6F 20 57 00 00 00 00 00
00 00 00 00 00 6F 20 57 00 00 00 00 00 00 00 00
00 00 6F 20 57 00 00 00 00 00 00 00 00 00 00 6F
20 57 00 00 00 00 00 00 00 00 00 00 6F 20 57 00
00 00 00 00 00 00 00 00 00 6F 20 57 00 00 00 00
00 00 00 00 00 00 6F 20 57 00 00 00 00 00 00 00
00 00 00 6F 20 57 00 00 00 00 00 00 00 00 00 00
6F 20 
