Raw dump (4160 bytes)
D4 C3 B2 A1 D0 00 00 00 00 00 00 00 C5 96 02 09
18 09 89 00 00 00 00 00 00 00 00 00 00 00 00 00
00 00 00 00 86 86 7B 01 08 25 C0 00 00 95 00 0F
46 37 E1 E9 00 00 00 00 00 00 17 05 FB FF FF FF
00 00 00 00 00 00 00 00 00 00 00 00 00 00 00 00
00 00 00 00 00 00 00 00 00 00 00 00 00 00 00 00
00 00 00 00 00 00 00 00 00 00 00 00 00 00 00 00
00 00 00 00 00 00 00 00 00 00 00 00 00 00 00 00
00 00 00 00 00 00 00 00 00 00 00 00 00 00 00 00
00 00 00 00 00 00 00 00 00 00 00 00 00 00 00 00
00 00 00 00 00 00 00 00 00 00 00 00 00 00 00 00
00 00 00 00 00 00 00 00 00 00 00 00 00 00 00 00
00 00 00 00 00 17 2F 86 44 48 C6 FC 2B 3C 4D 5E
D4 C3 B2 A1 D0 00 00 00 00 00 00 00 C5 96 02 09
18 09 93 01 00 00 00 00 00 00 00 00 00 00 00 00
00 00 00 00 86 86 7C 01 08 25 C0 00 00 95 00 0F
46 37 E1 E9 00 00 00 00 00 00 17 05 FB FF FF FF
00 00 00 00 00 00 00 00 00 00 00 00 00 00 00 00
00 00 00 00 00 00 00 00 00 00 00 00 00 00 00 00
00 00 00 00 00 00 00 00 00 00 00 00 00 00 00 00
00 00 00 00 00 00 00 00 00 00 00 00 00 00 00 00
00 00 00 00 00 00 00 00 00 00 00 00 00 00 00 00
00 00 00 00 00 00 00 00 00 00 00 00 00 00 00 00
00 00 00 00 00 00 00 00 00 00 00 00 00 00 00 00
00 00 00 00 00 00 00 00 00 00 00 00 00 00 00 00
00 00 00 00 00 17 2F 86 3A C4 89 FF 2B 3C 4D 5E
D4 C3 B2 A1 D0 00 00 00 00 00 00 00 C5 96 02 09
18 09 97 02 00 00 00 00 00 00 00 00 00 00 00 00
00 00 00 00 86 86 7D 01 08 25 C0 00 00 95 00 0F
46 37 E1 E9 00 00 00 00 00 00 17 05 FB FF FF FF
00 00 00 00 00 00 00 00 00 00 00 00 00 00 00 00
00 00 00 00 00 00 00 00 00 00 00 00 00 00 00 00
00 00 00 00 00 00 00 00 00 00 00 00 00 00 00 00
00 00 00 00 00 00 00 00 00 00 00 00 00 00 00 00
00 00 00 00 00 00 00 00 00 00 00 00 00 00 00 00
00 00 00 00 00 00 00 00 00 00 00 00 00 00 00 00
00 00 00 00 00 00 00 00 00 00 00 00 00 00 00 00
00 00 00 00 00 00 00 00 00 00 00 00 00 00 00 00
00 00 00 00 00 17 2F 86 9B 8A BD FF 2B 3C 4D 5E
D4 C3 B2 A1 D0 00 00 00 00 00 00 00 C5 96 02 09
18 11 42 04 00 00 00 00 00 00 00 00 00 00 00 00
00 00 00 00 86 86 7E 01 08 25 C0 00 00 95 00 0F
46 37 E1 E9 00 00 00 00 00 00 17 05 FB FF FF FF
00 00 00 00 00 00 00 00 00 00 00 00 00 00 00 00
00 00 00 00 00 00 00 00 00 00 00 00 00 00 00 00
00 00 00 00 00 00 00 00 00 00 00 00 00 00 00 00
00 00 00 00 00 00 00 00 00 00 00 00 00 00 00 00
00 00 00 00 00 00 00 00 00 00 00 00 00 00 00 00
00 00 00 00 00 00 00 00 00 00 00 00 00 00 00 00
00 00 00 00 00 00 00 00 00 00 00 00 00 00 00 00
00 00 00 00 00 00 00 00 00 00 00 00 00 00 00 00
00 00 00 00 00 17 2F 86 E8 51 E9 FE 2B 3C 4D 5E
D4 C3 B2 A1 D0 00 00 00 00 00 00 00 C5 96 02 09
18 11 46 05 00 00 00 00 00 00 00 00 00 00 00 00
00 00 00 00 86 86 7F 01 08 25 C0 00 00 95 00 0F
46 37 E1 E9 00 00 00 00 00 00 17 05 FB FF FF FF
00 00 00 00 00 00 00 00 00 00 00 00 00 00 00 00
00 00 00 00 00 00 00 00 00 00 00 00 00 00 00 00
00 00 00 00 00 00 00 00 00 00 00 00 00 00 00 00
00 00 00 00 00 00 00 00 00 00 00 00 00 00 00 00
00 00 00 00 00 00 00 00 00 00 00 00 00 00 00 00
00 00 00 00 00 00 00 00 00 00 00 00 00 00 00 00
00 00 00 00 00 00 00 00 00 00 00 00 00 00 00 00
00 00 00 00 00 00 00 00 00 00 00 00 00 00 00 00
00 00 00 00 00 17 2F 86 0E 24 FA FA 2B 3C 4D 5E
D4 C3 B2 A1 D0 00 00 00 00 00 00 00 C5 96 02 09
18 11 51 04 00 00 00 00 00 00 00 00 00 00 00 00
00 00 00 00 86 86 7B 01 08 25 C0 00 00 95 00 0F
46 37 E1 E9 00 00 00 00 00 00 17 05 FB FF FF FF
00 00 00 00 00 00 00 00 00 00 00 00 00 00 00 00
00 00 00 00 00 00 00 00 00 00 00 00 00 00 00 00
00 00 00 00 00 00 00 00 00 00 00 00 00 00 00 00
00 00 00 00 00 00 00 00 00 00 00 00 00 00 00 00
00 00 00 00 00 00 00 00 00 00 00 00 00 00 00 00
00 00 00 00 00 00 00 00 00 00 00 00 00 00 00 00
00 00 00 00 00 00 00 00 00 00 00 00 00 00 00 00
00 00 00 00 00 00 00 00 00 00 00 00 00 00 00 00
00 00 00 00 00 17 2F 86 D0 97 53 FD 2B 3C 4D 5E
D4 C3 B2 A1 D0 00 00 00 00 00 00 00 C5 96 02 09
18 12 96 09 00 00 00 00 00 00 00 00 00 00 00 00
00 00 00 00 86 86 7C 01 08 25 C0 00 00 95 00 0F
46 37 E1 E9 00 00 00 00 00 00 17 05 FB FF FF FF
00 00 00 00 00 00 00 00 00 00 00 00 00 00 00 00
00 00 00 00 00 00 00 00 00 00 00 00 00 00 00 00
00 00 00 00 00 00 00 00 00 00 00 00 00 00 00 00
00 00 00 00 00 00 00 00 00 00 00 00 00 00 00 00
00 00 00 00 00 00 00 00 00 00 00 00 00 00 00 00
00 00 00 00 00 00 00 00 00 00 00 00 00 00 00 00
00 00 00 00 00 00 00 00 00 00 00 00 00 00 00 00
00 00 00 00 00 00 00 00 00 00 00 00 00 00 00 00
00 00 00 00 00 17 2F 86 16 35 55 F9 2B 3C 4D 5E
D4 C3 B2 A1 D0 00 00 00 00 00 00 00 C5 96 02 09
18 13 00 07 00 00 00 00 00 00 00 00 00 00 00 00
00 00 00 00 86 86 7D 01 08 25 C0 00 00 95 00 0F
46 37 E1 E9 00 00 00 00 00 00 17 05 FB FF FF FF
00 00 00 00 00 00 00 00 00 00 00 00 00 00 00 00
00 00 00 00 00 00 00 00 00 00 00 00 00 00 00 00
00 00 00 00 00 00 00 00 00 00 00 00 00 00 00 00
00 00 00 00 00 00 00 00 00 00 00 00 00 00 00 00
00 00 00 00 00 00 00 00 00 00 00 00 00 00 00 00
00 00 00 00 00 00 00 00 00 00 00 00 00 00 00 00
00 00 00 00 00 00 00 00 00 00 00 00 00 00 00 00
00 00 00 00 00 00 00 00 00 00 00 00 00 00 00 00
00 00 00 00 00 17 2F 86 DC 40 FE FE 2B 3C 4D 5E
D4 C3 B2 A1 D0 00 00 00 00 00 00 00 C5 96 02 09
18 13 05 06 00 00 00 00 00 00 00 00 00 00 00 00
00 00 00 00 86 86 7E 01 08 25 C0 00 00 95 00 0F
46 37 E1 E9 00 00 00 00 00 00 17 05 FB FF FF FF
00 00 00 00 00 00 00 00 00 00 00 00 00 00 00 00
00 00 00 00 00 00 00 00 00 00 00 00 00 00 00 00
00 00 00 00 00 00 00 00 00 00 00 00 00 00 00 00
00 00 00 00 00 00 00 00 00 00 00 00 00 00 00 00
00 00 00 00 00 00 00 00 00 00 00 00 00 00 00 00
00 00 00 00 00 00 00 00 00 00 00 00 00 00 00 00
00 00 00 00 00 00 00 00 00 00 00 00 00 00 00 00
00 00 00 00 00 00 00 00 00 00 00 00 00 00 00 00
00 00 00 00 00 17 2F 86 69 BF 6D FB 2B 3C 4D 5E
D4 C3 B2 A1 D0 00 00 00 00 00 00 00 C5 96 02 09
18 14 50 09 00 00 00 00 00 00 00 00 00 00 00 00
00 00 00 00 86 86 7F 01 08 25 C0 00 00 95 00 0F
46 37 E1 E9 00 00 00 00 00 00 17 05 FB FF FF FF
00 00 00 00 00 00 00 00 00 00 00 00 00 00 00 00
00 00 00 00 00 00 00 00 00 00 00 00 00 00 00 00
00 00 00 00 00 00 00 00 00 00 00 00 00 00 00 00
00 00 00 00 00 00 00 00 00 00 00 00 00 00 00 00
00 00 00 00 00 00 00 00 00 00 00 00 00 00 00 00
00 00 00 00 00 00 00 00 00 00 00 00 00 00 00 00
00 00 00 00 00 00 00 00 00 00 00 00 00 00 00 00
00 00 00 00 00 00 00 00 00 00 00 00 00 00 00 00
00 00 00 00 00 17 2F 86 90 37 1F F8 2B 3C 4D 5E
D4 C3 B2 A1 D0 00 00 00 00 00 00 00 C5 96 02 09
18 14 54 09 00 00 00 00 00 00 00 00 00 00 00 00
00 00 00 00 86 86 7B 01 08 25 C0 00 00 95 00 0F
46 37 E1 E9 00 00 00 00 00 00 17 05 FB FF FF FF
00 00 00 00 00 00 00 00 00 00 00 00 00 00 00 00
00 00 00 00 00 00 00 00 00 00 00 00 00 00 00 00
00 00 00 00 00 00 00 00 00 00 00 00 00 00 00 00
00 00 00 00 00 00 00 00 00 00 00 00 00 00 00 00
00 00 00 00 00 00 00 00 00 00 00 00 00 00 00 00
00 00 00 00 00 00 00 00 00 00 00 00 00 00 00 00
00 00 00 00 00 00 00 00 00 00 00 00 00 00 00 00
00 00 00 00 00 00 00 00 00 00 00 00 00 00 00 00
00 00 00 00 00 17 2F 86 ED DD 44 FB 2B 3C 4D 5E
D4 C3 B2 A1 D0 00 00 00 00 00 00 00 C5 96 02 09
18 14 59 00 00 00 00 00 00 00 00 00 00 00 00 00
00 00 00 00 86 86 7C 01 08 25 C0 00 00 95 00 0F
46 37 E1 E9 00 00 00 00 00 00 17 05 FB FF FF FF
00 00 00 00 00 00 00 00 00 00 00 00 00 00 00 00
00 00 00 00 00 00 00 00 00 00 00 00 00 00 00 00
00 00 00 00 00 00 00 00 00 00 00 00 00 00 00 00
00 00 00 00 00 00 00 00 00 00 00 00 00 00 00 00
00 00 00 00 00 00 00 00 00 00 00 00 00 00 00 00
00 00 00 00 00 00 00 00 00 00 00 00 00 00 00 00
00 00 00 00 00 00 00 00 00 00 00 00 00 00 00 00
00 00 00 00 00 00 00 00 00 00 00 00 00 00 00 00
00 00 00 00 00 17 2F 86 51 AE A1 FE 2B 3C 4D 5E
D4 C3 B2 A1 D0 00 00 00 00 00 00 00 C5 96 02 09
18 16 05 01 00 00 00 00 00 00 00 00 00 00 00 00
00 00 00 00 86 86 7D 01 08 25 C0 00 00 95 00 0F
46 37 E1 E9 00 00 00 00 00 00 17 05 FB FF FF FF
00 00 00 00 00 00 00 00 00 00 00 00 00 00 00 00
00 00 00 00 00 00 00 00 00 00 00 00 00 00 00 00
00 00 00 00 00 00 00 00 00 00 00 00 00 00 00 00
00 00 00 00 00 00 00 00 00 00 00 00 00 00 00 00
00 00 00 00 00 00 00 00 00 00 00 00 00 00 00 00
00 00 00 00 00 00 00 00 00 00 00 00 00 00 00 00
00 00 00 00 00 00 00 00 00 00 00 00 00 00 00 00
00 00 00 00 00 00 00 00 00 00 00 00 00 00 00 00
00 00 00 00 00 17 2F 86 70 2A 84 F9 2B 3C 4D 5E
D4 C3 B2 A1 D0 00 00 00 00 00 00 00 C5 96 02 09
18 16 09 02 00 00 00 00 00 00 00 00 00 00 00 00
00 00 00 00 86 86 7E 01 08 25 C0 00 00 95 00 0F
46 37 E1 E9 00 00 00 00 00 00 17 05 FB FF FF FF
00 00 00 00 00 00 00 00 00 00 00 00 00 00 00 00
00 00 00 00 00 00 00 00 00 00 00 00 00 00 00 00
00 00 00 00 00 00 00 00 00 00 00 00 00 00 00 00
00 00 00 00 00 00 00 00 00 00 00 00 00 00 00 00
00 00 00 00 00 00 00 00 00 00 00 00 00 00 00 00
00 00 00 00 00 00 00 00 00 00 00 00 00 00 00 00
00 00 00 00 00 00 00 00 00 00 00 00 00 00 00 00
00 00 00 00 00 00 00 00 00 00 00 00 00 00 00 00
00 00 00 00 00 17 2F 86 35 8F 33 FC 2B 3C 4D 5E
D4 C3 B2 A1 D0 00 00 00 00 00 00 00 C5 96 02 09
18 16 13 03 00 00 00 00 00 00 00 00 00 00 00 00
00 00 00 00 86 86 7F 01 08 25 C0 00 00 95 00 0F
46 37 E1 E9 00 00 00 00 00 00 17 05 FB FF FF FF
00 00 00 00 00 00 00 00 00 00 00 00 00 00 00 00
00 00 00 00 00 00 00 00 00 00 00 00 00 00 00 00
00 00 00 00 00 00 00 00 00 00 00 00 00 00 00 00
00 00 00 00 00 00 00 00 00 00 00 00 00 00 00 00
00 00 00 00 00 00 00 00 00 00 00 00 00 00 00 00
00 00 00 00 00 00 00 00 00 00 00 00 00 00 00 00
00 00 00 00 00 00 00 00 00 00 00 00 00 00 00 00
00 00 00 00 00 00 00 00 00 00 00 00 00 00 00 00
00 00 00 00 00 17 2F 86 64 FF 11 F9 2B 3C 4D 5E
D4 C3 B2 A1 D0 00 00 00 00 00 00 00 C5 96 02 09
18 17 58 05 00 00 00 00 00 00 00 00 00 00 00 00
00 00 00 00 86 86 7B 01 08 25 C0 00 00 95 00 0F
46 37 E1 E9 00 00 00 00 00 00 17 05 FB FF FF FF
00 00 00 00 00 00 00 00 00 00 00 00 00 00 00 00
00 00 00 00 00 00 00 00 00 00 00 00 00 00 00 00
00 00 00 00 00 00 00 00 00 00 00 00 00 00 00 00
00 00 00 00 00 00 00 00 00 00 00 00 00 00 00 00
00 00 00 00 00 00 00 00 00 00 00 00 00 00 00 00
00 00 00 00 00 00 00 00 00 00 00 00 00 00 00 00
00 00 00 00 00 00 00 00 00 00 00 00 00 00 00 00
00 00 00 00 00 00 00 00 00 00 00 00 00 00 00 00
00 00 00 00 00 17 2F 86 81 89 B8 FB 2B 3C 4D 5E
D4 C3 B2 A1 D0 00 00 00 00 00 00 00 C5 96 02 09
18 17 62 06 00 00 00 00 00 00 00 00 00 00 00 00
00 00 00 00 86 86 7C 01 08 25 C0 00 00 95 00 0F
46 37 E1 E9 00 00 00 00 00 00 17 05 FB FF FF FF
00 00 00 00 00 00 00 00 00 00 00 00 00 00 00 00
00 00 00 00 00 00 00 00 00 00 00 00 00 00 00 00
00 00 00 00 00 00 00 00 00 00 00 00 00 00 00 00
00 00 00 00 00 00 00 00 00 00 00 00 00 00 00 00
00 00 00 00 00 00 00 00 00 00 00 00 00 00 00 00
00 00 00 00 00 00 00 00 00 00 00 00 00 00 00 00
00 00 00 00 00 00 00 00 00 00 00 00 00 00 00 00
00 00 00 00 00 00 00 00 00 00 00 00 00 00 00 00
00 00 00 00 00 17 2F 86 0D 73 CB F8 2B 3C 4D 5E
D4 C3 B2 A1 D0 00 00 00 00 00 00 00 C5 96 02 09
18 17 67 05 00 00 00 00 00 00 00 00 00 00 00 00
00 00 00 00 86 86 7D 01 08 25 C0 00 00 95 00 0F
46 37 E1 E9 00 00 00 00 00 00 17 05 FB FF FF FF
00 00 00 00 00 00 00 00 00 00 00 00 00 00 00 00
00 00 00 00 00 00 00 00 00 00 00 00 00 00 00 00
00 00 00 00 00 00 00 00 00 00 00 00 00 00 00 00
00 00 00 00 00 00 00 00 00 00 00 00 00 00 00 00
00 00 00 00 00 00 00 00 00 00 00 00 00 00 00 00
00 00 00 00 00 00 00 00 00 00 00 00 00 00 00 00
00 00 00 00 00 00 00 00 00 00 00 00 00 00 00 00
00 00 00 00 00 00 00 00 00 00 00 00 00 00 00 00
00 00 00 00 00 17 2F 86 1A 1C 5B FB 2B 3C 4D 5E
D4 C3 B2 A1 D0 00 00 00 00 00 00 00 C5 96 02 09
18 19 12 07 00 00 00 00 00 00 00 00 00 00 00 00
00 00 00 00 86 86 7E 01 08 25 C0 00 00 95 00 0F
46 37 E1 E9 00 00 00 00 00 00 17 05 FB FF FF FF
00 00 00 00 00 00 00 00 00 00 00 00 00 00 00 00
00 00 00 00 00 00 00 00 00 00 00 00 00 00 00 00
00 00 00 00 00 00 00 00 00 00 00 00 00 00 00 00
00 00 00 00 00 00 00 00 00 00 00 00 00 00 00 00
00 00 00 00 00 00 00 00 00 00 00 00 00 00 00 00
00 00 00 00 00 00 00 00 00 00 00 00 00 00 00 00
00 00 00 00 00 00 00 00 00 00 00 00 00 00 00 00
00 00 00 00 00 00 00 00 00 00 00 00 00 00 00 00
00 00 00 00 00 17 2F 86 04 60 40 FD 2B 3C 4D 5E
D4 C3 B2 A1 D0 00 00 00 00 00 00 00 C5 96 02 09
18 19 16 08 00 00 00 00 00 00 00 00 00 00 00 00
00 00 00 00 86 86 7F 01 08 25 C0 00 00 95 00 0F
46 37 E1 E9 00 00 00 00 00 00 17 05 FB FF FF FF
00 00 00 00 00 00 00 00 00 00 00 00 00 00 00 00
00 00 00 00 00 00 00 00 00 00 00 00 00 00 00 00
00 00 00 00 00 00 00 00 00 00 00 00 00 00 00 00
00 00 00 00 00 00 00 00 00 00 00 00 00 00 00 00
00 00 00 00 00 00 00 00 00 00 00 00 00 00 00 00
00 00 00 00 00 00 00 00 00 00 00 00 00 00 00 00
00 00 00 00 00 00 00 00 00 00 00 00 00 00 00 00
00 00 00 00 00 00 00 00 00 00 00 00 00 00 00 00
00 00 00 00 00 17 2F 86 86 F8 20 FF 2B 3C 4D 5E

