Raw dump (416 bytes)
D4 C3 B2 A1 D0 00 00 00 00 00 00 00 C5 96 02 13
58 48 06 06 00 00 00 00 00 00 00 00 00 00 00 00
00 00 00 00 86 86 7B 01 08 25 C0 00 00 95 00 0F
48 AF 97 C2 00 00 00 00 54 18 14 00 00 00 00 00
02 00 9A FF 00 00 00 00 00 00 00 00 00 00 00 00
00 00 00 00 00 00 00 00 00 00 00 00 00 00 00 00
00 00 00 00 00 00 00 00 00 00 00 00 00 00 00 00
00 00 00 00 00 00 00 00 00 00 00 00 00 00 00 00
00 00 00 00 00 00 00 00 00 00 00 00 00 00 00 00
00 00 00 00 00 00 00 00 00 00 00 00 00 00 00 00
00 00 00 00 00 00 00 00 00 00 00 00 00 00 00 00
00 00 00 00 00 00 00 00 00 00 00 00 00 00 00 00
00 00 00 00 00 04 E1 FD 74 64 D3 FE 2B 3C 4D 5E
D4 C3 B2 A1 D0 00 00 00 00 00 00 00 C5 96 02 13
58 49 51 00 00 00 00 00 00 00 00 00 00 00 00 00
00 00 00 00 86 86 7D 01 08 25 C0 00 00 95 00 0F
48 B0 F5 CA 00 00 00 00 54 18 14 00 00 00 00 00
02 00 98 FF 00 00 00 00 00 00 00 00 00 00 00 00
00 00 00 00 00 00 00 00 00 00 00 00 00 00 00 00
00 00 00 00 00 00 00 00 00 00 00 00 00 00 00 00
00 00 00 00 00 00 00 00 00 00 00 00 00 00 00 00
00 00 00 00 00 00 00 00 00 00 00 00 00 00 00 00
00 00 00 00 00 00 00 00 00 00 00 00 00 00 00 00
00 00 00 00 00 00 00 00 00 00 00 00 00 00 00 00
00 00 00 00 00 00 00 00 00 00 00 00 00 00 00 00
00 00 00 00 94 C5 B6 ED 75 31 E7 FA 2B 3C 4D 5E

