Raw dump (17056 bytes)
D4 C3 B2 A1 D0 00 00 00 00 00 00 00 C5 96 02 08
40 41 61 09 00 00 00 00 00 00 00 00 00 00 00 00
00 00 00 00 86 86 7C 01 08 25 C0 00 00 95 00 0F
47 85 00 2E 00 00 00 00 00 00 15 00 00 00 00 00
02 00 AB F8 00 00 00 00 00 00 00 00 00 00 00 00
00 00 00 00 00 00 00 00 00 00 00 00 00 00 00 00
00 00 00 00 00 00 00 00 00 00 00 00 00 00 00 00
00 00 00 00 00 00 00 00 00 00 00 00 00 00 00 00
00 00 00 00 00 00 00 00 00 00 00 00 00 00 00 00
00 00 00 00 00 00 00 00 00 00 00 00 00 00 00 00
00 00 00 00 00 00 00 00 00 00 00 00 00 00 00 00
00 00 00 00 00 00 00 00 00 00 00 00 00 00 00 00
00 00 00 00 F3 EB 9B 5A CA 26 2E FA 2B 3C 4D 5E
D4 C3 B2 A1 D0 00 00 00 00 00 00 00 C5 96 02 08
40 41 66 00 00 00 00 00 00 00 00 00 00 00 00 00
00 00 00 00 86 86 7D 01 08 25 C0 00 00 95 00 0F
47 85 00 2E 00 00 00 00 00 00 15 00 00 00 00 00
02 00 AB F8 00 00 00 00 00 00 00 00 00 00 00 00
00 00 00 00 00 00 00 00 00 00 00 00 00 00 00 00
00 00 00 00 00 00 00 00 00 00 00 00 00 00 00 00
00 00 00 00 00 00 00 00 00 00 00 00 00 00 00 00
00 00 00 00 00 00 00 00 00 00 00 00 00 00 00 00
00 00 00 00 00 00 00 00 00 00 00 00 00 00 00 00
00 00 00 00 00 00 00 00 00 00 00 00 00 00 00 00
00 00 00 00 00 00 00 00 00 00 00 00 00 00 00 00
00 00 00 00 F3 EB 9B 5A 34 AA 49 F9 2B 3C 4D 5E
D4 C3 B2 A1 D0 00 00 00 00 00 00 00 C5 96 02 08
40 41 70 01 00 00 00 00 00 00 00 00 00 00 00 00
00 00 00 00 86 86 7E 01 08 25 C0 00 00 95 00 0F
47 85 00 2E 00 00 00 00 00 00 15 00 00 00 00 00
02 00 AB F8 00 00 00 00 00 00 00 00 00 00 00 00
00 00 00 00 00 00 00 00 00 00 00 00 00 00 00 00
00 00 00 00 00 00 00 00 00 00 00 00 00 00 00 00
00 00 00 00 00 00 00 00 00 00 00 00 00 00 00 00
00 00 00 00 00 00 00 00 00 00 00 00 00 00 00 00
00 00 00 00 00 00 00 00 00 00 00 00 00 00 00 00
00 00 00 00 00 00 00 00 00 00 00 00 00 00 00 00
00 00 00 00 00 00 00 00 00 00 00 00 00 00 00 00
00 00 00 00 F3 EB 9B 5A 36 8C FA FE 2B 3C 4D 5E
D4 C3 B2 A1 D0 00 00 00 00 00 00 00 C5 96 02 08
40 43 16 01 00 00 00 00 00 00 00 00 00 00 00 00
00 00 00 00 86 86 7F 01 08 25 C0 00 00 95 00 0F
47 85 00 2E 00 00 00 00 00 00 15 00 00 00 00 00
02 00 AB F8 00 00 00 00 00 00 00 00 00 00 00 00
00 00 00 00 00 00 00 00 00 00 00 00 00 00 00 00
00 00 00 00 00 00 00 00 00 00 00 00 00 00 00 00
00 00 00 00 00 00 00 00 00 00 00 00 00 00 00 00
00 00 00 00 00 00 00 00 00 00 00 00 00 00 00 00
00 00 00 00 00 00 00 00 00 00 00 00 00 00 00 00
00 00 00 00 00 00 00 00 00 00 00 00 00 00 00 00
00 00 00 00 00 00 00 00 00 00 00 00 00 00 00 00
00 00 00 00 F3 EB 9B 5A B6 7D 35 FD 2B 3C 4D 5E
D4 C3 B2 A1 D0 00 00 00 00 00 00 00 C5 96 02 08
40 43 20 02 00 00 00 00 00 00 00 00 00 00 00 00
00 00 00 00 86 86 7B 01 08 25 C0 00 00 95 00 0F
47 85 00 2E 00 00 00 00 00 00 15 00 00 00 00 00
02 00 AB F8 00 00 00 00 00 00 00 00 00 00 00 00
00 00 00 00 00 00 00 00 00 00 00 00 00 00 00 00
00 00 00 00 00 00 00 00 00 00 00 00 00 00 00 00
00 00 00 00 00 00 00 00 00 00 00 00 00 00 00 00
00 00 00 00 00 00 00 00 00 00 00 00 00 00 00 00
00 00 00 00 00 00 00 00 00 00 00 00 00 00 00 00
00 00 00 00 00 00 00 00 00 00 00 00 00 00 00 00
00 00 00 00 00 00 00 00 00 00 00 00 00 00 00 00
00 00 00 00 F3 EB 9B 5A 2C 99 04 F9 2B 3C 4D 5E
D4 C3 B2 A1 D0 00 00 00 00 00 00 00 C5 96 02 08
40 43 24 03 00 00 00 00 00 00 00 00 00 00 00 00
00 00 00 00 86 86 7C 01 08 25 C0 00 00 95 00 0F
47 85 00 2E 00 00 00 00 00 00 15 00 00 00 00 00
02 00 AB F8 00 00 00 00 00 00 00 00 00 00 00 00
00 00 00 00 00 00 00 00 00 00 00 00 00 00 00 00
00 00 00 00 00 00 00 00 00 00 00 00 00 00 00 00
00 00 00 00 00 00 00 00 00 00 00 00 00 00 00 00
00 00 00 00 00 00 00 00 00 00 00 00 00 00 00 00
00 00 00 00 00 00 00 00 00 00 00 00 00 00 00 00
00 00 00 00 00 00 00 00 00 00 00 00 00 00 00 00
00 00 00 00 00 00 00 00 00 00 00 00 00 00 00 00
00 00 00 00 F3 EB 9B 5A E5 10 7A FB 2B 3C 4D 5E
D4 C3 B2 A1 D0 00 00 00 00 00 00 00 C5 96 02 08
40 44 69 06 00 00 00 00 00 00 00 00 00 00 00 00
00 00 00 00 86 86 7D 01 08 25 C0 00 00 95 00 0F
47 85 00 2E 00 00 00 00 00 00 15 00 00 00 00 00
02 00 AB F8 00 00 00 00 00 00 00 00 00 00 00 00
00 00 00 00 00 00 00 00 00 00 00 00 00 00 00 00
00 00 00 00 00 00 00 00 00 00 00 00 00 00 00 00
00 00 00 00 00 00 00 00 00 00 00 00 00 00 00 00
00 00 00 00 00 00 00 00 00 00 00 00 00 00 00 00
00 00 00 00 00 00 00 00 00 00 00 00 00 00 00 00
00 00 00 00 00 00 00 00 00 00 00 00 00 00 00 00
00 00 00 00 00 00 00 00 00 00 00 00 00 00 00 00
00 00 00 00 F3 EB 9B 5A F5 C3 DC FE 2B 3C 4D 5E
D4 C3 B2 A1 D0 00 00 00 00 00 00 00 C5 96 02 08
40 44 74 05 00 00 00 00 00 00 00 00 00 00 00 00
00 00 00 00 86 86 7E 01 08 25 C0 00 00 95 00 0F
47 85 00 2E 00 00 00 00 00 00 15 00 00 00 00 00
02 00 AB F8 00 00 00 00 00 00 00 00 00 00 00 00
00 00 00 00 00 00 00 00 00 00 00 00 00 00 00 00
00 00 00 00 00 00 00 00 00 00 00 00 00 00 00 00
00 00 00 00 00 00 00 00 00 00 00 00 00 00 00 00
00 00 00 00 00 00 00 00 00 00 00 00 00 00 00 00
00 00 00 00 00 00 00 00 00 00 00 00 00 00 00 00
00 00 00 00 00 00 00 00 00 00 00 00 00 00 00 00
00 00 00 00 00 00 00 00 00 00 00 00 00 00 00 00
00 00 00 00 F3 EB 9B 5A 6B FC 03 FE 2B 3C 4D 5E
D4 C3 B2 A1 D0 00 00 00 00 00 00 00 C5 96 02 08
40 44 78 05 00 00 00 00 00 00 00 00 00 00 00 00
00 00 00 00 86 86 7F 01 08 25 C0 00 00 95 00 0F
47 85 00 2E 00 00 00 00 00 00 15 00 00 00 00 00
02 00 AB F8 00 00 00 00 00 00 00 00 00 00 00 00
00 00 00 00 00 00 00 00 00 00 00 00 00 00 00 00
00 00 00 00 00 00 00 00 00 00 00 00 00 00 00 00
00 00 00 00 00 00 00 00 00 00 00 00 00 00 00 00
00 00 00 00 00 00 00 00 00 00 00 00 00 00 00 00
00 00 00 00 00 00 00 00 00 00 00 00 00 00 00 00
00 00 00 00 00 00 00 00 00 00 00 00 00 00 00 00
00 00 00 00 00 00 00 00 00 00 00 00 00 00 00 00
00 00 00 00 F3 EB 9B 5A 98 49 65 FB 2B 3C 4D 5E
D4 C3 B2 A1 D0 00 00 00 00 00 00 00 C5 96 02 08
40 44 82 06 00 00 00 00 00 00 00 00 00 00 00 00
00 00 00 00 86 86 7B 01 08 25 C0 00 00 95 00 0F
47 85 00 2E 00 00 00 00 00 00 15 00 00 00 00 00
02 00 AB F8 00 00 00 00 00 00 00 00 00 00 00 00
00 00 00 00 00 00 00 00 00 00 00 00 00 00 00 00
00 00 00 00 00 00 00 00 00 00 00 00 00 00 00 00
00 00 00 00 00 00 00 00 00 00 00 00 00 00 00 00
00 00 00 00 00 00 00 00 00 00 00 00 00 00 00 00
00 00 00 00 00 00 00 00 00 00 00 00 00 00 00 00
00 00 00 00 00 00 00 00 00 00 00 00 00 00 00 00
00 00 00 00 00 00 00 00 00 00 00 00 00 00 00 00
00 00 00 00 F3 EB 9B 5A BB B0 3C FD 2B 3C 4D 5E
D4 C3 B2 A1 D0 00 00 00 00 00 00 00 C5 96 02 08
40 46 28 07 00 00 00 00 00 00 00 00 00 00 00 00
00 00 00 00 86 86 7C 01 08 25 C0 00 00 95 00 0F
47 85 00 2E 00 00 00 00 00 00 15 00 00 00 00 00
02 00 AB F8 00 00 00 00 00 00 00 00 00 00 00 00
00 00 00 00 00 00 00 00 00 00 00 00 00 00 00 00
00 00 00 00 00 00 00 00 00 00 00 00 00 00 00 00
00 00 00 00 00 00 00 00 00 00 00 00 00 00 00 00
00 00 00 00 00 00 00 00 00 00 00 00 00 00 00 00
00 00 00 00 00 00 00 00 00 00 00 00 00 00 00 00
00 00 00 00 00 00 00 00 00 00 00 00 00 00 00 00
00 00 00 00 00 00 00 00 00 00 00 00 00 00 00 00
00 00 00 00 F3 EB 9B 5A B9 20 24 FC 2B 3C 4D 5E
D4 C3 B2 A1 D0 00 00 00 00 00 00 00 C5 96 02 08
40 46 33 06 00 00 00 00 00 00 00 00 00 00 00 00
00 00 00 00 86 86 7D 01 08 25 C0 00 00 95 00 0F
47 85 00 2E 00 00 00 00 00 00 15 00 00 00 00 00
02 00 AB F8 00 00 00 00 00 00 00 00 00 00 00 00
00 00 00 00 00 00 00 00 00 00 00 00 00 00 00 00
00 00 00 00 00 00 00 00 00 00 00 00 00 00 00 00
00 00 00 00 00 00 00 00 00 00 00 00 00 00 00 00
00 00 00 00 00 00 00 00 00 00 00 00 00 00 00 00
00 00 00 00 00 00 00 00 00 00 00 00 00 00 00 00
00 00 00 00 00 00 00 00 00 00 00 00 00 00 00 00
00 00 00 00 00 00 00 00 00 00 00 00 00 00 00 00
00 00 00 00 F3 EB 9B 5A 5E 71 A2 FA 2B 3C 4D 5E
D4 C3 B2 A1 D0 00 00 00 00 00 00 00 C5 96 02 08
40 46 37 06 00 00 00 00 00 00 00 00 00 00 00 00
00 00 00 00 86 86 7E 01 08 25 C0 00 00 95 00 0F
47 85 00 2E 00 00 00 00 00 00 15 00 00 00 00 00
02 00 AB F8 00 00 00 00 00 00 00 00 00 00 00 00
00 00 00 00 00 00 00 00 00 00 00 00 00 00 00 00
00 00 00 00 00 00 00 00 00 00 00 00 00 00 00 00
00 00 00 00 00 00 00 00 00 00 00 00 00 00 00 00
00 00 00 00 00 00 00 00 00 00 00 00 00 00 00 00
00 00 00 00 00 00 00 00 00 00 00 00 00 00 00 00
00 00 00 00 00 00 00 00 00 00 00 00 00 00 00 00
00 00 00 00 00 00 00 00 00 00 00 00 00 00 00 00
00 00 00 00 F3 EB 9B 5A 49 2F 47 FA 2B 3C 4D 5E
D4 C3 B2 A1 D0 00 00 00 00 00 00 00 C5 96 02 08
40 47 82 09 00 00 00 00 00 00 00 00 00 00 00 00
00 00 00 00 86 86 7F 01 08 25 C0 00 00 95 00 0F
47 85 00 2E 00 00 00 00 00 00 15 00 00 00 00 00
02 00 AB F8 00 00 00 00 00 00 00 00 00 00 00 00
00 00 00 00 00 00 00 00 00 00 00 00 00 00 00 00
00 00 00 00 00 00 00 00 00 00 00 00 00 00 00 00
00 00 00 00 00 00 00 00 00 00 00 00 00 00 00 00
00 00 00 00 00 00 00 00 00 00 00 00 00 00 00 00
00 00 00 00 00 00 00 00 00 00 00 00 00 00 00 00
00 00 00 00 00 00 00 00 00 00 00 00 00 00 00 00
00 00 00 00 00 00 00 00 00 00 00 00 00 00 00 00
00 00 00 00 F3 EB 9B 5A F8 F5 C9 FB 2B 3C 4D 5E
D4 C3 B2 A1 D0 00 00 00 00 00 00 00 C5 96 02 08
40 47 87 00 00 00 00 00 00 00 00 00 00 00 00 00
00 00 00 00 86 86 7B 01 08 25 C0 00 00 95 00 0F
47 85 00 2E 00 00 00 00 00 00 15 00 00 00 00 00
02 00 AB F8 00 00 00 00 00 00 00 00 00 00 00 00
00 00 00 00 00 00 00 00 00 00 00 00 00 00 00 00
00 00 00 00 00 00 00 00 00 00 00 00 00 00 00 00
00 00 00 00 00 00 00 00 00 00 00 00 00 00 00 00
00 00 00 00 00 00 00 00 00 00 00 00 00 00 00 00
00 00 00 00 00 00 00 00 00 00 00 00 00 00 00 00
00 00 00 00 00 00 00 00 00 00 00 00 00 00 00 00
00 00 00 00 00 00 00 00 00 00 00 00 00 00 00 00
00 00 00 00 F3 EB 9B 5A E5 25 7C FE 2B 3C 4D 5E
D4 C3 B2 A1 D0 00 00 00 00 00 00 00 C5 96 02 08
40 47 91 01 00 00 00 00 00 00 00 00 00 00 00 00
00 00 00 00 86 86 7C 01 08 25 C0 00 00 95 00 0F
47 85 00 2E 00 00 00 00 00 00 15 00 00 00 00 00
02 00 AB F8 00 00 00 00 00 00 00 00 00 00 00 00
00 00 00 00 00 00 00 00 00 00 00 00 00 00 00 00
00 00 00 00 00 00 00 00 00 00 00 00 00 00 00 00
00 00 00 00 00 00 00 00 00 00 00 00 00 00 00 00
00 00 00 00 00 00 00 00 00 00 00 00 00 00 00 00
00 00 00 00 00 00 00 00 00 00 00 00 00 00 00 00
00 00 00 00 00 00 00 00 00 00 00 00 00 00 00 00
00 00 00 00 00 00 00 00 00 00 00 00 00 00 00 00
00 00 00 00 F3 EB 9B 5A 2D 54 86 FD 2B 3C 4D 5E
D4 C3 B2 A1 D0 00 00 00 00 00 00 00 C5 96 02 08
40 49 37 01 00 00 00 00 00 00 00 00 00 00 00 00
00 00 00 00 86 86 7D 01 08 25 C0 00 00 95 00 0F
47 85 00 2E 00 00 00 00 00 00 15 00 00 00 00 00
02 00 AB F8 00 00 00 00 00 00 00 00 00 00 00 00
00 00 00 00 00 00 00 00 00 00 00 00 00 00 00 00
00 00 00 00 00 00 00 00 00 00 00 00 00 00 00 00
00 00 00 00 00 00 00 00 00 00 00 00 00 00 00 00
00 00 00 00 00 00 00 00 00 00 00 00 00 00 00 00
00 00 00 00 00 00 00 00 00 00 00 00 00 00 00 00
00 00 00 00 00 00 00 00 00 00 00 00 00 00 00 00
00 00 00 00 00 00 00 00 00 00 00 00 00 00 00 00
00 00 00 00 F3 EB 9B 5A 29 81 63 FD 2B 3C 4D 5E
D4 C3 B2 A1 D0 00 00 00 00 00 00 00 C5 96 02 08
40 49 41 02 00 00 00 00 00 00 00 00 00 00 00 00
00 00 00 00 86 86 7E 01 08 25 C0 00 00 95 00 0F
47 85 00 2E 00 00 00 00 00 00 15 00 00 00 00 00
02 00 AB F8 00 00 00 00 00 00 00 00 00 00 00 00
00 00 00 00 00 00 00 00 00 00 00 00 00 00 00 00
00 00 00 00 00 00 00 00 00 00 00 00 00 00 00 00
00 00 00 00 00 00 00 00 00 00 00 00 00 00 00 00
00 00 00 00 00 00 00 00 00 00 00 00 00 00 00 00
00 00 00 00 00 00 00 00 00 00 00 00 00 00 00 00
00 00 00 00 00 00 00 00 00 00 00 00 00 00 00 00
00 00 00 00 00 00 00 00 00 00 00 00 00 00 00 00
00 00 00 00 F3 EB 9B 5A DC 71 58 FB 2B 3C 4D 5E
D4 C3 B2 A1 D0 00 00 00 00 00 00 00 C5 96 02 08
40 49 45 03 00 00 00 00 00 00 00 00 00 00 00 00
00 00 00 00 86 86 7F 01 08 25 C0 00 00 95 00 0F
47 85 00 2E 00 00 00 00 00 00 15 00 00 00 00 00
02 00 AB F8 00 00 00 00 00 00 00 00 00 00 00 00
00 00 00 00 00 00 00 00 00 00 00 00 00 00 00 00
00 00 00 00 00 00 00 00 00 00 00 00 00 00 00 00
00 00 00 00 00 00 00 00 00 00 00 00 00 00 00 00
00 00 00 00 00 00 00 00 00 00 00 00 00 00 00 00
00 00 00 00 00 00 00 00 00 00 00 00 00 00 00 00
00 00 00 00 00 00 00 00 00 00 00 00 00 00 00 00
00 00 00 00 00 00 00 00 00 00 00 00 00 00 00 00
00 00 00 00 F3 EB 9B 5A 3A 04 4B FF 2B 3C 4D 5E
D4 C3 B2 A1 D0 00 00 00 00 00 00 00 C5 96 02 08
40 50 90 06 00 00 00 00 00 00 00 00 00 00 00 00
00 00 00 00 86 86 7B 01 08 25 C0 00 00 95 00 0F
47 85 00 2E 00 00 00 00 00 00 15 00 00 00 00 00
02 00 AB F8 00 00 00 00 00 00 00 00 00 00 00 00
00 00 00 00 00 00 00 00 00 00 00 00 00 00 00 00
00 00 00 00 00 00 00 00 00 00 00 00 00 00 00 00
00 00 00 00 00 00 00 00 00 00 00 00 00 00 00 00
00 00 00 00 00 00 00 00 00 00 00 00 00 00 00 00
00 00 00 00 00 00 00 00 00 00 00 00 00 00 00 00
00 00 00 00 00 00 00 00 00 00 00 00 00 00 00 00
00 00 00 00 00 00 00 00 00 00 00 00 00 00 00 00
00 00 00 00 F3 EB 9B 5A 27 05 A0 FE 2B 3C 4D 5E
D4 C3 B2 A1 D0 00 00 00 00 00 00 00 C5 96 02 08
40 50 95 04 00 00 00 00 00 00 00 00 00 00 00 00
00 00 00 00 86 86 7C 01 08 25 C0 00 00 95 00 0F
47 85 00 2E 00 00 00 00 00 00 15 00 00 00 00 00
02 00 AB F8 00 00 00 00 00 00 00 00 00 00 00 00
00 00 00 00 00 00 00 00 00 00 00 00 00 00 00 00
00 00 00 00 00 00 00 00 00 00 00 00 00 00 00 00
00 00 00 00 00 00 00 00 00 00 00 00 00 00 00 00
00 00 00 00 00 00 00 00 00 00 00 00 00 00 00 00
00 00 00 00 00 00 00 00 00 00 00 00 00 00 00 00
00 00 00 00 00 00 00 00 00 00 00 00 00 00 00 00
00 00 00 00 00 00 00 00 00 00 00 00 00 00 00 00
00 00 00 00 F3 EB 9B 5A 0B 16 8F FD 2B 3C 4D 5E
D4 C3 B2 A1 D0 00 00 00 00 00 00 00 C5 96 02 08
40 50 99 05 00 00 00 00 00 00 00 00 00 00 00 00
00 00 00 00 86 86 7D 01 08 25 C0 00 00 95 00 0F
47 85 00 2E 00 00 00 00 00 00 15 00 00 00 00 00
02 00 AB F8 00 00 00 00 00 00 00 00 00 00 00 00
00 00 00 00 00 00 00 00 00 00 00 00 00 00 00 00
00 00 00 00 00 00 00 00 00 00 00 00 00 00 00 00
00 00 00 00 00 00 00 00 00 00 00 00 00 00 00 00
00 00 00 00 00 00 00 00 00 00 00 00 00 00 00 00
00 00 00 00 00 00 00 00 00 00 00 00 00 00 00 00
00 00 00 00 00 00 00 00 00 00 00 00 00 00 00 00
00 00 00 00 00 00 00 00 00 00 00 00 00 00 00 00
00 00 00 00 F3 EB 9B 5A EC 23 3B FE 2B 3C 4D 5E
D4 C3 B2 A1 D0 00 00 00 00 00 00 00 C5 96 02 08
40 52 44 08 00 00 00 00 00 00 00 00 00 00 00 00
00 00 00 00 86 86 7E 01 08 25 C0 00 00 95 00 0F
47 85 00 2E 00 00 00 00 00 00 15 00 00 00 00 00
02 00 AB F8 00 00 00 00 00 00 00 00 00 00 00 00
00 00 00 00 00 00 00 00 00 00 00 00 00 00 00 00
00 00 00 00 00 00 00 00 00 00 00 00 00 00 00 00
00 00 00 00 00 00 00 00 00 00 00 00 00 00 00 00
00 00 00 00 00 00 00 00 00 00 00 00 00 00 00 00
00 00 00 00 00 00 00 00 00 00 00 00 00 00 00 00
00 00 00 00 00 00 00 00 00 00 00 00 00 00 00 00
00 00 00 00 00 00 00 00 00 00 00 00 00 00 00 00
00 00 00 00 F3 EB 9B 5A B7 BB A3 F9 2B 3C 4D 5E
D4 C3 B2 A1 D0 00 00 00 00 00 00 00 C5 96 02 08
40 52 49 06 00 00 00 00 00 00 00 00 00 00 00 00
00 00 00 00 86 86 7F 01 08 25 C0 00 00 95 00 0F
47 85 00 2E 00 00 00 00 00 00 15 00 00 00 00 00
02 00 AB F8 00 00 00 00 00 00 00 00 00 00 00 00
00 00 00 00 00 00 00 00 00 00 00 00 00 00 00 00
00 00 00 00 00 00 00 00 00 00 00 00 00 00 00 00
00 00 00 00 00 00 00 00 00 00 00 00 00 00 00 00
00 00 00 00 00 00 00 00 00 00 00 00 00 00 00 00
00 00 00 00 00 00 00 00 00 00 00 00 00 00 00 00
00 00 00 00 00 00 00 00 00 00 00 00 00 00 00 00
00 00 00 00 00 00 00 00 00 00 00 00 00 00 00 00
00 00 00 00 F3 EB 9B 5A 96 C2 12 F9 2B 3C 4D 5E
D4 C3 B2 A1 D0 00 00 00 00 00 00 00 C5 96 02 08
40 52 53 07 00 00 00 00 00 00 00 00 00 00 00 00
00 00 00 00 86 86 7B 01 08 25 C0 00 00 95 00 0F
47 85 00 2E 00 00 00 00 00 00 15 00 00 00 00 00
02 00 AB F8 00 00 00 00 00 00 00 00 00 00 00 00
00 00 00 00 00 00 00 00 00 00 00 00 00 00 00 00
00 00 00 00 00 00 00 00 00 00 00 00 00 00 00 00
00 00 00 00 00 00 00 00 00 00 00 00 00 00 00 00
00 00 00 00 00 00 00 00 00 00 00 00 00 00 00 00
00 00 00 00 00 00 00 00 00 00 00 00 00 00 00 00
00 00 00 00 00 00 00 00 00 00 00 00 00 00 00 00
00 00 00 00 00 00 00 00 00 00 00 00 00 00 00 00
00 00 00 00 F3 EB 9B 5A 48 AD AA FD 2B 3C 4D 5E
D4 C3 B2 A1 D0 00 00 00 00 00 00 00 C5 96 02 08
40 53 99 00 00 00 00 00 00 00 00 00 00 00 00 00
00 00 00 00 86 86 7C 01 08 25 C0 00 00 95 00 0F
47 85 00 2E 00 00 00 00 00 00 15 00 00 00 00 00
02 00 AB F8 00 00 00 00 00 00 00 00 00 00 00 00
00 00 00 00 00 00 00 00 00 00 00 00 00 00 00 00
00 00 00 00 00 00 00 00 00 00 00 00 00 00 00 00
00 00 00 00 00 00 00 00 00 00 00 00 00 00 00 00
00 00 00 00 00 00 00 00 00 00 00 00 00 00 00 00
00 00 00 00 00 00 00 00 00 00 00 00 00 00 00 00
00 00 00 00 00 00 00 00 00 00 00 00 00 00 00 00
00 00 00 00 00 00 00 00 00 00 00 00 00 00 00 00
00 00 00 00 F3 EB 9B 5A A5 D9 EB FE 2B 3C 4D 5E
D4 C3 B2 A1 D0 00 00 00 00 00 00 00 C5 96 02 08
40 54 03 01 00 00 00 00 00 00 00 00 00 00 00 00
00 00 00 00 86 86 7D 01 08 25 C0 00 00 95 00 0F
47 85 00 2E 00 00 00 00 00 00 15 00 00 00 00 00
02 00 AB F8 00 00 00 00 00 00 00 00 00 00 00 00
00 00 00 00 00 00 00 00 00 00 00 00 00 00 00 00
00 00 00 00 00 00 00 00 00 00 00 00 00 00 00 00
00 00 00 00 00 00 00 00 00 00 00 00 00 00 00 00
00 00 00 00 00 00 00 00 00 00 00 00 00 00 00 00
00 00 00 00 00 00 00 00 00 00 00 00 00 00 00 00
00 00 00 00 00 00 00 00 00 00 00 00 00 00 00 00
00 00 00 00 00 00 00 00 00 00 00 00 00 00 00 00
00 00 00 00 F3 EB 9B 5A 5B C3 6E FD 2B 3C 4D 5E
D4 C3 B2 A1 D0 00 00 00 00 00 00 00 C5 96 02 08
40 54 07 02 00 00 00 00 00 00 00 00 00 00 00 00
00 00 00 00 86 86 7E 01 08 25 C0 00 00 95 00 0F
47 85 00 2E 00 00 00 00 00 00 15 00 00 00 00 00
02 00 AB F8 00 00 00 00 00 00 00 00 00 00 00 00
00 00 00 00 00 00 00 00 00 00 00 00 00 00 00 00
00 00 00 00 00 00 00 00 00 00 00 00 00 00 00 00
00 00 00 00 00 00 00 00 00 00 00 00 00 00 00 00
00 00 00 00 00 00 00 00 00 00 00 00 00 00 00 00
00 00 00 00 00 00 00 00 00 00 00 00 00 00 00 00
00 00 00 00 00 00 00 00 00 00 00 00 00 00 00 00
00 00 00 00 00 00 00 00 00 00 00 00 00 00 00 00
00 00 00 00 F3 EB 9B 5A 1F 26 7E FF 2B 3C 4D 5E
D4 C3 B2 A1 D0 00 00 00 00 00 00 00 C5 96 02 08
40 55 53 02 00 00 00 00 00 00 00 00 00 00 00 00
00 00 00 00 86 86 7F 01 08 25 C0 00 00 95 00 0F
47 85 00 2E 00 00 00 00 00 00 15 00 00 00 00 00
02 00 AB F8 00 00 00 00 00 00 00 00 00 00 00 00
00 00 00 00 00 00 00 00 00 00 00 00 00 00 00 00
00 00 00 00 00 00 00 00 00 00 00 00 00 00 00 00
00 00 00 00 00 00 00 00 00 00 00 00 00 00 00 00
00 00 00 00 00 00 00 00 00 00 00 00 00 00 00 00
00 00 00 00 00 00 00 00 00 00 00 00 00 00 00 00
00 00 00 00 00 00 00 00 00 00 00 00 00 00 00 00
00 00 00 00 00 00 00 00 00 00 00 00 00 00 00 00
00 00 00 00 F3 EB 9B 5A D2 1D 33 FB 2B 3C 4D 5E
D4 C3 B2 A1 D0 00 00 00 00 00 00 00 C5 96 02 08
40 55 57 03 00 00 00 00 00 00 00 00 00 00 00 00
00 00 00 00 86 86 7B 01 08 25 C0 00 00 95 00 0F
47 85 00 2E 00 00 00 00 00 00 15 00 00 00 00 00
02 00 AB F8 00 00 00 00 00 00 00 00 00 00 00 00
00 00 00 00 00 00 00 00 00 00 00 00 00 00 00 00
00 00 00 00 00 00 00 00 00 00 00 00 00 00 00 00
00 00 00 00 00 00 00 00 00 00 00 00 00 00 00 00
00 00 00 00 00 00 00 00 00 00 00 00 00 00 00 00
00 00 00 00 00 00 00 00 00 00 00 00 00 00 00 00
00 00 00 00 00 00 00 00 00 00 00 00 00 00 00 00
00 00 00 00 00 00 00 00 00 00 00 00 00 00 00 00
00 00 00 00 F3 EB 9B 5A BB 77 BA FE 2B 3C 4D 5E
D4 C3 B2 A1 D0 00 00 00 00 00 00 00 C5 96 02 08
40 55 61 04 00 00 00 00 00 00 00 00 00 00 00 00
00 00 00 00 86 86 7C 01 08 25 C0 00 00 95 00 0F
47 85 00 2E 00 00 00 00 00 00 15 00 00 00 00 00
02 00 AB F8 00 00 00 00 00 00 00 00 00 00 00 00
00 00 00 00 00 00 00 00 00 00 00 00 00 00 00 00
00 00 00 00 00 00 00 00 00 00 00 00 00 00 00 00
00 00 00 00 00 00 00 00 00 00 00 00 00 00 00 00
00 00 00 00 00 00 00 00 00 00 00 00 00 00 00 00
00 00 00 00 00 00 00 00 00 00 00 00 00 00 00 00
00 00 00 00 00 00 00 00 00 00 00 00 00 00 00 00
00 00 00 00 00 00 00 00 00 00 00 00 00 00 00 00
00 00 00 00 F3 EB 9B 5A 60 3D B0 FC 2B 3C 4D 5E
D4 C3 B2 A1 D0 00 00 00 00 00 00 00 C5 96 02 08
40 57 06 06 00 00 00 00 00 00 00 00 00 00 00 00
00 00 00 00 86 86 7D 01 08 25 C0 00 00 95 00 0F
47 85 00 2E 00 00 00 00 00 00 15 00 00 00 00 00
02 00 AB F8 00 00 00 00 00 00 00 00 00 00 00 00
00 00 00 00 00 00 00 00 00 00 00 00 00 00 00 00
00 00 00 00 00 00 00 00 00 00 00 00 00 00 00 00
00 00 00 00 00 00 00 00 00 00 00 00 00 00 00 00
00 00 00 00 00 00 00 00 00 00 00 00 00 00 00 00
00 00 00 00 00 00 00 00 00 00 00 00 00 00 00 00
00 00 00 00 00 00 00 00 00 00 00 00 00 00 00 00
00 00 00 00 00 00 00 00 00 00 00 00 00 00 00 00
00 00 00 00 F3 EB 9B 5A 11 D6 FC F8 2B 3C 4D 5E
D4 C3 B2 A1 D0 00 00 00 00 00 00 00 C5 96 02 08
40 57 11 05 00 00 00 00 00 00 00 00 00 00 00 00
00 00 00 00 86 86 7E 01 08 25 C0 00 00 95 00 0F
47 85 00 2E 00 00 00 00 00 00 15 00 00 00 00 00
02 00 AB F8 00 00 00 00 00 00 00 00 00 00 00 00
00 00 00 00 00 00 00 00 00 00 00 00 00 00 00 00
00 00 00 00 00 00 00 00 00 00 00 00 00 00 00 00
00 00 00 00 00 00 00 00 00 00 00 00 00 00 00 00
00 00 00 00 00 00 00 00 00 00 00 00 00 00 00 00
00 00 00 00 00 00 00 00 00 00 00 00 00 00 00 00
00 00 00 00 00 00 00 00 00 00 00 00 00 00 00 00
00 00 00 00 00 00 00 00 00 00 00 00 00 00 00 00
00 00 00 00 F3 EB 9B 5A E2 EA CC F8 2B 3C 4D 5E
D4 C3 B2 A1 D0 00 00 00 00 00 00 00 C5 96 02 08
40 57 15 06 00 00 00 00 00 00 00 00 00 00 00 00
00 00 00 00 86 86 7F 01 08 25 C0 00 00 95 00 0F
47 85 00 2E 00 00 00 00 00 00 15 00 00 00 00 00
02 00 AB F8 00 00 00 00 00 00 00 00 00 00 00 00
00 00 00 00 00 00 00 00 00 00 00 00 00 00 00 00
00 00 00 00 00 00 00 00 00 00 00 00 00 00 00 00
00 00 00 00 00 00 00 00 00 00 00 00 00 00 00 00
00 00 00 00 00 00 00 00 00 00 00 00 00 00 00 00
00 00 00 00 00 00 00 00 00 00 00 00 00 00 00 00
00 00 00 00 00 00 00 00 00 00 00 00 00 00 00 00
00 00 00 00 00 00 00 00 00 00 00 00 00 00 00 00
00 00 00 00 F3 EB 9B 5A 43 A4 F8 F8 2B 3C 4D 5E
D4 C3 B2 A1 D0 00 00 00 00 00 00 00 C5 96 02 08
40 58 60 09 00 00 00 00 00 00 00 00 00 00 00 00
00 00 00 00 86 86 7B 01 08 25 C0 00 00 95 00 0F
47 85 00 2E 00 00 00 00 00 00 15 00 00 00 00 00
02 00 AB F8 00 00 00 00 00 00 00 00 00 00 00 00
00 00 00 00 00 00 00 00 00 00 00 00 00 00 00 00
00 00 00 00 00 00 00 00 00 00 00 00 00 00 00 00
00 00 00 00 00 00 00 00 00 00 00 00 00 00 00 00
00 00 00 00 00 00 00 00 00 00 00 00 00 00 00 00
00 00 00 00 00 00 00 00 00 00 00 00 00 00 00 00
00 00 00 00 00 00 00 00 00 00 00 00 00 00 00 00
00 00 00 00 00 00 00 00 00 00 00 00 00 00 00 00
00 00 00 00 F3 EB 9B 5A 57 EF 2F F8 2B 3C 4D 5E
D4 C3 B2 A1 D0 00 00 00 00 00 00 00 C5 96 02 08
40 58 65 07 00 00 00 00 00 00 00 00 00 00 00 00
00 00 00 00 86 86 7C 01 08 25 C0 00 00 95 00 0F
47 85 00 2E 00 00 00 00 00 00 15 00 00 00 00 00
02 00 AB F8 00 00 00 00 00 00 00 00 00 00 00 00
00 00 00 00 00 00 00 00 00 00 00 00 00 00 00 00
00 00 00 00 00 00 00 00 00 00 00 00 00 00 00 00
00 00 00 00 00 00 00 00 00 00 00 00 00 00 00 00
00 00 00 00 00 00 00 00 00 00 00 00 00 00 00 00
00 00 00 00 00 00 00 00 00 00 00 00 00 00 00 00
00 00 00 00 00 00 00 00 00 00 00 00 00 00 00 00
00 00 00 00 00 00 00 00 00 00 00 00 00 00 00 00
00 00 00 00 F3 EB 9B 5A 58 2A 54 F9 2B 3C 4D 5E
D4 C3 B2 A1 D0 00 00 00 00 00 00 00 C5 96 02 08
40 58 69 08 00 00 00 00 00 00 00 00 00 00 00 00
00 00 00 00 86 86 7D 01 08 25 C0 00 00 95 00 0F
47 85 00 2E 00 00 00 00 00 00 15 00 00 00 00 00
02 00 AB F8 00 00 00 00 00 00 00 00 00 00 00 00
00 00 00 00 00 00 00 00 00 00 00 00 00 00 00 00
00 00 00 00 00 00 00 00 00 00 00 00 00 00 00 00
00 00 00 00 00 00 00 00 00 00 00 00 00 00 00 00
00 00 00 00 00 00 00 00 00 00 00 00 00 00 00 00
00 00 00 00 00 00 00 00 00 00 00 00 00 00 00 00
00 00 00 00 00 00 00 00 00 00 00 00 00 00 00 00
00 00 00 00 00 00 00 00 00 00 00 00 00 00 00 00
00 00 00 00 F3 EB 9B 5A DB F2 93 FC 2B 3C 4D 5E
D4 C3 B2 A1 D0 00 00 00 00 00 00 00 C5 96 02 08
41 00 15 00 00 00 00 00 00 00 00 00 00 00 00 00
00 00 00 00 86 86 7E 01 08 25 C0 00 00 95 00 0F
47 85 00 2E 00 00 00 00 00 00 15 00 00 00 00 00
02 00 AB F8 00 00 00 00 00 00 00 00 00 00 00 00
00 00 00 00 00 00 00 00 00 00 00 00 00 00 00 00
00 00 00 00 00 00 00 00 00 00 00 00 00 00 00 00
00 00 00 00 00 00 00 00 00 00 00 00 00 00 00 00
00 00 00 00 00 00 00 00 00 00 00 00 00 00 00 00
00 00 00 00 00 00 00 00 00 00 00 00 00 00 00 00
00 00 00 00 00 00 00 00 00 00 00 00 00 00 00 00
00 00 00 00 00 00 00 00 00 00 00 00 00 00 00 00
00 00 00 00 F3 EB 9B 5A 47 49 08 FA 2B 3C 4D 5E
D4 C3 B2 A1 D0 00 00 00 00 00 00 00 C5 96 02 08
41 00 19 02 00 00 00 00 00 00 00 00 00 00 00 00
00 00 00 00 86 86 7F 01 08 25 C0 00 00 95 00 0F
47 85 00 2E 00 00 00 00 00 00 15 00 00 00 00 00
02 00 AB F8 00 00 00 00 00 00 00 00 00 00 00 00
00 00 00 00 00 00 00 00 00 00 00 00 00 00 00 00
00 00 00 00 00 00 00 00 00 00 00 00 00 00 00 00
00 00 00 00 00 00 00 00 00 00 00 00 00 00 00 00
00 00 00 00 00 00 00 00 00 00 00 00 00 00 00 00
00 00 00 00 00 00 00 00 00 00 00 00 00 00 00 00
00 00 00 00 00 00 00 00 00 00 00 00 00 00 00 00
00 00 00 00 00 00 00 00 00 00 00 00 00 00 00 00
00 00 00 00 F3 EB 9B 5A F3 C7 49 FB 2B 3C 4D 5E
D4 C3 B2 A1 D0 00 00 00 00 00 00 00 C5 96 02 08
41 00 23 02 00 00 00 00 00 00 00 00 00 00 00 00
00 00 00 00 86 86 7B 01 08 25 C0 00 00 95 00 0F
47 85 00 2E 00 00 00 00 00 00 15 00 00 00 00 00
02 00 AB F8 00 00 00 00 00 00 00 00 00 00 00 00
00 00 00 00 00 00 00 00 00 00 00 00 00 00 00 00
00 00 00 00 00 00 00 00 00 00 00 00 00 00 00 00
00 00 00 00 00 00 00 00 00 00 00 00 00 00 00 00
00 00 00 00 00 00 00 00 00 00 00 00 00 00 00 00
00 00 00 00 00 00 00 00 00 00 00 00 00 00 00 00
00 00 00 00 00 00 00 00 00 00 00 00 00 00 00 00
00 00 00 00 00 00 00 00 00 00 00 00 00 00 00 00
00 00 00 00 F3 EB 9B 5A 8C 65 38 FD 2B 3C 4D 5E
D4 C3 B2 A1 D0 00 00 00 00 00 00 00 C5 96 02 08
41 01 68 05 00 00 00 00 00 00 00 00 00 00 00 00
00 00 00 00 86 86 7C 01 08 25 C0 00 00 95 00 0F
47 85 00 2E 00 00 00 00 00 00 15 00 00 00 00 00
02 00 AB F8 00 00 00 00 00 00 00 00 00 00 00 00
00 00 00 00 00 00 00 00 00 00 00 00 00 00 00 00
00 00 00 00 00 00 00 00 00 00 00 00 00 00 00 00
00 00 00 00 00 00 00 00 00 00 00 00 00 00 00 00
00 00 00 00 00 00 00 00 00 00 00 00 00 00 00 00
00 00 00 00 00 00 00 00 00 00 00 00 00 00 00 00
00 00 00 00 00 00 00 00 00 00 00 00 00 00 00 00
00 00 00 00 00 00 00 00 00 00 00 00 00 00 00 00
00 00 00 00 F3 EB 9B 5A DD 70 B4 FE 2B 3C 4D 5E
D4 C3 B2 A1 D0 00 00 00 00 00 00 00 C5 96 02 08
41 01 73 03 00 00 00 00 00 00 00 00 00 00 00 00
00 00 00 00 86 86 7D 01 08 25 C0 00 00 95 00 0F
47 85 00 2E 00 00 00 00 00 00 15 00 00 00 00 00
02 00 AB F8 00 00 00 00 00 00 00 00 00 00 00 00
00 00 00 00 00 00 00 00 00 00 00 00 00 00 00 00
00 00 00 00 00 00 00 00 00 00 00 00 00 00 00 00
00 00 00 00 00 00 00 00 00 00 00 00 00 00 00 00
00 00 00 00 00 00 00 00 00 00 00 00 00 00 00 00
00 00 00 00 00 00 00 00 00 00 00 00 00 00 00 00
00 00 00 00 00 00 00 00 00 00 00 00 00 00 00 00
00 00 00 00 00 00 00 00 00 00 00 00 00 00 00 00
00 00 00 00 F3 EB 9B 5A 88 D7 0B FB 2B 3C 4D 5E
D4 C3 B2 A1 D0 00 00 00 00 00 00 00 C5 96 02 08
41 01 77 05 00 00 00 00 00 00 00 00 00 00 00 00
00 00 00 00 86 86 7E 01 08 25 C0 00 00 95 00 0F
47 85 00 2E 00 00 00 00 00 00 15 00 00 00 00 00
02 00 AB F8 00 00 00 00 00 00 00 00 00 00 00 00
00 00 00 00 00 00 00 00 00 00 00 00 00 00 00 00
00 00 00 00 00 00 00 00 00 00 00 00 00 00 00 00
00 00 00 00 00 00 00 00 00 00 00 00 00 00 00 00
00 00 00 00 00 00 00 00 00 00 00 00 00 00 00 00
00 00 00 00 00 00 00 00 00 00 00 00 00 00 00 00
00 00 00 00 00 00 00 00 00 00 00 00 00 00 00 00
00 00 00 00 00 00 00 00 00 00 00 00 00 00 00 00
00 00 00 00 F3 EB 9B 5A 39 FF 05 FE 2B 3C 4D 5E
D4 C3 B2 A1 D0 00 00 00 00 00 00 00 C5 96 02 08
41 03 22 07 00 00 00 00 00 00 00 00 00 00 00 00
00 00 00 00 86 86 7F 01 08 25 C0 00 00 95 00 0F
47 85 00 2E 00 00 00 00 00 00 15 00 00 00 00 00
02 00 AB F8 00 00 00 00 00 00 00 00 00 00 00 00
00 00 00 00 00 00 00 00 00 00 00 00 00 00 00 00
00 00 00 00 00 00 00 00 00 00 00 00 00 00 00 00
00 00 00 00 00 00 00 00 00 00 00 00 00 00 00 00
00 00 00 00 00 00 00 00 00 00 00 00 00 00 00 00
00 00 00 00 00 00 00 00 00 00 00 00 00 00 00 00
00 00 00 00 00 00 00 00 00 00 00 00 00 00 00 00
00 00 00 00 00 00 00 00 00 00 00 00 00 00 00 00
00 00 00 00 F3 EB 9B 5A FC A1 D6 FF 2B 3C 4D 5E
D4 C3 B2 A1 D0 00 00 00 00 00 00 00 C5 96 02 08
41 03 26 08 00 00 00 00 00 00 00 00 00 00 00 00
00 00 00 00 86 86 7B 01 08 25 C0 00 00 95 00 0F
47 85 00 2E 00 00 00 00 00 00 15 00 00 00 00 00
02 00 AB F8 00 00 00 00 00 00 00 00 00 00 00 00
00 00 00 00 00 00 00 00 00 00 00 00 00 00 00 00
00 00 00 00 00 00 00 00 00 00 00 00 00 00 00 00
00 00 00 00 00 00 00 00 00 00 00 00 00 00 00 00
00 00 00 00 00 00 00 00 00 00 00 00 00 00 00 00
00 00 00 00 00 00 00 00 00 00 00 00 00 00 00 00
00 00 00 00 00 00 00 00 00 00 00 00 00 00 00 00
00 00 00 00 00 00 00 00 00 00 00 00 00 00 00 00
00 00 00 00 F3 EB 9B 5A F1 26 2C FC 2B 3C 4D 5E
D4 C3 B2 A1 D0 00 00 00 00 00 00 00 C5 96 02 08
41 03 31 07 00 00 00 00 00 00 00 00 00 00 00 00
00 00 00 00 86 86 7C 01 08 25 C0 00 00 95 00 0F
47 85 00 2E 00 00 00 00 00 00 15 00 00 00 00 00
02 00 AB F8 00 00 00 00 00 00 00 00 00 00 00 00
00 00 00 00 00 00 00 00 00 00 00 00 00 00 00 00
00 00 00 00 00 00 00 00 00 00 00 00 00 00 00 00
00 00 00 00 00 00 00 00 00 00 00 00 00 00 00 00
00 00 00 00 00 00 00 00 00 00 00 00 00 00 00 00
00 00 00 00 00 00 00 00 00 00 00 00 00 00 00 00
00 00 00 00 00 00 00 00 00 00 00 00 00 00 00 00
00 00 00 00 00 00 00 00 00 00 00 00 00 00 00 00
00 00 00 00 F3 EB 9B 5A EB 9B 01 FA 2B 3C 4D 5E
D4 C3 B2 A1 D0 00 00 00 00 00 00 00 C5 96 02 08
41 03 35 08 00 00 00 00 00 00 00 00 00 00 00 00
00 00 00 00 86 86 7D 01 08 25 C0 00 00 95 00 0F
47 85 00 2E 00 00 00 00 00 00 15 00 00 00 00 00
02 00 AB F8 00 00 00 00 00 00 00 00 00 00 00 00
00 00 00 00 00 00 00 00 00 00 00 00 00 00 00 00
00 00 00 00 00 00 00 00 00 00 00 00 00 00 00 00
00 00 00 00 00 00 00 00 00 00 00 00 00 00 00 00
00 00 00 00 00 00 00 00 00 00 00 00 00 00 00 00
00 00 00 00 00 00 00 00 00 00 00 00 00 00 00 00
00 00 00 00 00 00 00 00 00 00 00 00 00 00 00 00
00 00 00 00 00 00 00 00 00 00 00 00 00 00 00 00
00 00 00 00 F3 EB 9B 5A 69 03 61 F8 2B 3C 4D 5E
D4 C3 B2 A1 D0 00 00 00 00 00 00 00 C5 96 02 08
41 04 83 05 00 00 00 00 00 00 00 00 00 00 00 00
00 00 00 00 86 86 7E 01 08 25 C0 00 00 95 00 0F
47 85 00 2E 00 00 00 00 00 00 15 00 00 00 00 00
02 00 AB F8 00 00 00 00 00 00 00 00 00 00 00 00
00 00 00 00 00 00 00 00 00 00 00 00 00 00 00 00
00 00 00 00 00 00 00 00 00 00 00 00 00 00 00 00
00 00 00 00 00 00 00 00 00 00 00 00 00 00 00 00
00 00 00 00 00 00 00 00 00 00 00 00 00 00 00 00
00 00 00 00 00 00 00 00 00 00 00 00 00 00 00 00
00 00 00 00 00 00 00 00 00 00 00 00 00 00 00 00
00 00 00 00 00 00 00 00 00 00 00 00 00 00 00 00
00 00 00 00 F3 EB 9B 5A 52 D4 3A FF 2B 3C 4D 5E
D4 C3 B2 A1 D0 00 00 00 00 00 00 00 C5 96 02 08
41 04 88 04 00 00 00 00 00 00 00 00 00 00 00 00
00 00 00 00 86 86 7F 01 08 25 C0 00 00 95 00 0F
47 85 00 2E 00 00 00 00 00 00 15 00 00 00 00 00
02 00 AB F8 00 00 00 00 00 00 00 00 00 00 00 00
00 00 00 00 00 00 00 00 00 00 00 00 00 00 00 00
00 00 00 00 00 00 00 00 00 00 00 00 00 00 00 00
00 00 00 00 00 00 00 00 00 00 00 00 00 00 00 00
00 00 00 00 00 00 00 00 00 00 00 00 00 00 00 00
00 00 00 00 00 00 00 00 00 00 00 00 00 00 00 00
00 00 00 00 00 00 00 00 00 00 00 00 00 00 00 00
00 00 00 00 00 00 00 00 00 00 00 00 00 00 00 00
00 00 00 00 F3 EB 9B 5A D8 3E 70 FF 2B 3C 4D 5E
D4 C3 B2 A1 D0 00 00 00 00 00 00 00 C5 96 02 08
41 04 92 04 00 00 00 00 00 00 00 00 00 00 00 00
00 00 00 00 86 86 7B 01 08 25 C0 00 00 95 00 0F
47 85 00 2E 00 00 00 00 00 00 15 00 00 00 00 00
02 00 AB F8 00 00 00 00 00 00 00 00 00 00 00 00
00 00 00 00 00 00 00 00 00 00 00 00 00 00 00 00
00 00 00 00 00 00 00 00 00 00 00 00 00 00 00 00
00 00 00 00 00 00 00 00 00 00 00 00 00 00 00 00
00 00 00 00 00 00 00 00 00 00 00 00 00 00 00 00
00 00 00 00 00 00 00 00 00 00 00 00 00 00 00 00
00 00 00 00 00 00 00 00 00 00 00 00 00 00 00 00
00 00 00 00 00 00 00 00 00 00 00 00 00 00 00 00
00 00 00 00 F3 EB 9B 5A 12 D1 1A FD 2B 3C 4D 5E
D4 C3 B2 A1 D0 00 00 00 00 00 00 00 C5 96 02 08
41 06 37 07 00 00 00 00 00 00 00 00 00 00 00 00
00 00 00 00 86 86 7C 01 08 25 C0 00 00 95 00 0F
47 85 00 2E 00 00 00 00 00 00 15 00 00 00 00 00
02 00 AB F8 00 00 00 00 00 00 00 00 00 00 00 00
00 00 00 00 00 00 00 00 00 00 00 00 00 00 00 00
00 00 00 00 00 00 00 00 00 00 00 00 00 00 00 00
00 00 00 00 00 00 00 00 00 00 00 00 00 00 00 00
00 00 00 00 00 00 00 00 00 00 00 00 00 00 00 00
00 00 00 00 00 00 00 00 00 00 00 00 00 00 00 00
00 00 00 00 00 00 00 00 00 00 00 00 00 00 00 00
00 00 00 00 00 00 00 00 00 00 00 00 00 00 00 00
00 00 00 00 F3 EB 9B 5A 3B E5 7C FC 2B 3C 4D 5E
D4 C3 B2 A1 D0 00 00 00 00 00 00 00 C5 96 02 08
41 06 41 08 00 00 00 00 00 00 00 00 00 00 00 00
00 00 00 00 86 86 7D 01 08 25 C0 00 00 95 00 0F
47 85 00 2E 00 00 00 00 00 00 15 00 00 00 00 00
02 00 AB F8 00 00 00 00 00 00 00 00 00 00 00 00
00 00 00 00 00 00 00 00 00 00 00 00 00 00 00 00
00 00 00 00 00 00 00 00 00 00 00 00 00 00 00 00
00 00 00 00 00 00 00 00 00 00 00 00 00 00 00 00
00 00 00 00 00 00 00 00 00 00 00 00 00 00 00 00
00 00 00 00 00 00 00 00 00 00 00 00 00 00 00 00
00 00 00 00 00 00 00 00 00 00 00 00 00 00 00 00
00 00 00 00 00 00 00 00 00 00 00 00 00 00 00 00
00 00 00 00 F3 EB 9B 5A 08 68 37 FA 2B 3C 4D 5E
D4 C3 B2 A1 D0 00 00 00 00 00 00 00 C5 96 02 08
41 06 46 06 00 00 00 00 00 00 00 00 00 00 00 00
00 00 00 00 86 86 7E 01 08 25 C0 00 00 95 00 0F
47 85 00 2E 00 00 00 00 00 00 15 00 00 00 00 00
02 00 AB F8 00 00 00 00 00 00 00 00 00 00 00 00
00 00 00 00 00 00 00 00 00 00 00 00 00 00 00 00
00 00 00 00 00 00 00 00 00 00 00 00 00 00 00 00
00 00 00 00 00 00 00 00 00 00 00 00 00 00 00 00
00 00 00 00 00 00 00 00 00 00 00 00 00 00 00 00
00 00 00 00 00 00 00 00 00 00 00 00 00 00 00 00
00 00 00 00 00 00 00 00 00 00 00 00 00 00 00 00
00 00 00 00 00 00 00 00 00 00 00 00 00 00 00 00
00 00 00 00 F3 EB 9B 5A A1 B9 4D F8 2B 3C 4D 5E
D4 C3 B2 A1 D0 00 00 00 00 00 00 00 C5 96 02 08
41 07 91 09 00 00 00 00 00 00 00 00 00 00 00 00
00 00 00 00 86 86 7F 01 08 25 C0 00 00 95 00 0F
47 85 00 2E 00 00 00 00 00 00 15 00 00 00 00 00
02 00 AB F8 00 00 00 00 00 00 00 00 00 00 00 00
00 00 00 00 00 00 00 00 00 00 00 00 00 00 00 00
00 00 00 00 00 00 00 00 00 00 00 00 00 00 00 00
00 00 00 00 00 00 00 00 00 00 00 00 00 00 00 00
00 00 00 00 00 00 00 00 00 00 00 00 00 00 00 00
00 00 00 00 00 00 00 00 00 00 00 00 00 00 00 00
00 00 00 00 00 00 00 00 00 00 00 00 00 00 00 00
00 00 00 00 00 00 00 00 00 00 00 00 00 00 00 00
00 00 00 00 F3 EB 9B 5A CC CD 24 FB 2B 3C 4D 5E
D4 C3 B2 A1 D0 00 00 00 00 00 00 00 C5 96 02 08
41 07 96 00 00 00 00 00 00 00 00 00 00 00 00 00
00 00 00 00 86 86 7B 01 08 25 C0 00 00 95 00 0F
47 85 00 2E 00 00 00 00 00 00 15 00 00 00 00 00
02 00 AB F8 00 00 00 00 00 00 00 00 00 00 00 00
00 00 00 00 00 00 00 00 00 00 00 00 00 00 00 00
00 00 00 00 00 00 00 00 00 00 00 00 00 00 00 00
00 00 00 00 00 00 00 00 00 00 00 00 00 00 00 00
00 00 00 00 00 00 00 00 00 00 00 00 00 00 00 00
00 00 00 00 00 00 00 00 00 00 00 00 00 00 00 00
00 00 00 00 00 00 00 00 00 00 00 00 00 00 00 00
00 00 00 00 00 00 00 00 00 00 00 00 00 00 00 00
00 00 00 00 F3 EB 9B 5A BD 5E D9 F9 2B 3C 4D 5E
D4 C3 B2 A1 D0 00 00 00 00 00 00 00 C5 96 02 08
41 08 00 09 00 00 00 00 00 00 00 00 00 00 00 00
00 00 00 00 86 86 7C 01 08 25 C0 00 00 95 00 0F
47 85 00 2E 00 00 00 00 00 00 15 00 00 00 00 00
02 00 AB F8 00 00 00 00 00 00 00 00 00 00 00 00
00 00 00 00 00 00 00 00 00 00 00 00 00 00 00 00
00 00 00 00 00 00 00 00 00 00 00 00 00 00 00 00
00 00 00 00 00 00 00 00 00 00 00 00 00 00 00 00
00 00 00 00 00 00 00 00 00 00 00 00 00 00 00 00
00 00 00 00 00 00 00 00 00 00 00 00 00 00 00 00
00 00 00 00 00 00 00 00 00 00 00 00 00 00 00 00
00 00 00 00 00 00 00 00 00 00 00 00 00 00 00 00
00 00 00 00 F3 EB 9B 5A CF 4F 38 F9 2B 3C 4D 5E
D4 C3 B2 A1 D0 00 00 00 00 00 00 00 C5 96 02 08
41 09 46 01 00 00 00 00 00 00 00 00 00 00 00 00
00 00 00 00 86 86 7D 01 08 25 C0 00 00 95 00 0F
47 85 00 2E 00 00 00 00 00 00 15 00 00 00 00 00
02 00 AB F8 00 00 00 00 00 00 00 00 00 00 00 00
00 00 00 00 00 00 00 00 00 00 00 00 00 00 00 00
00 00 00 00 00 00 00 00 00 00 00 00 00 00 00 00
00 00 00 00 00 00 00 00 00 00 00 00 00 00 00 00
00 00 00 00 00 00 00 00 00 00 00 00 00 00 00 00
00 00 00 00 00 00 00 00 00 00 00 00 00 00 00 00
00 00 00 00 00 00 00 00 00 00 00 00 00 00 00 00
00 00 00 00 00 00 00 00 00 00 00 00 00 00 00 00
00 00 00 00 F3 EB 9B 5A C1 17 69 FF 2B 3C 4D 5E
D4 C3 B2 A1 D0 00 00 00 00 00 00 00 C5 96 02 08
41 09 50 02 00 00 00 00 00 00 00 00 00 00 00 00
00 00 00 00 86 86 7E 01 08 25 C0 00 00 95 00 0F
47 85 00 2E 00 00 00 00 00 00 15 00 00 00 00 00
02 00 AB F8 00 00 00 00 00 00 00 00 00 00 00 00
00 00 00 00 00 00 00 00 00 00 00 00 00 00 00 00
00 00 00 00 00 00 00 00 00 00 00 00 00 00 00 00
00 00 00 00 00 00 00 00 00 00 00 00 00 00 00 00
00 00 00 00 00 00 00 00 00 00 00 00 00 00 00 00
00 00 00 00 00 00 00 00 00 00 00 00 00 00 00 00
00 00 00 00 00 00 00 00 00 00 00 00 00 00 00 00
00 00 00 00 00 00 00 00 00 00 00 00 00 00 00 00
00 00 00 00 F3 EB 9B 5A 84 0A FD FC 2B 3C 4D 5E
D4 C3 B2 A1 D0 00 00 00 00 00 00 00 C5 96 02 08
41 09 54 03 00 00 00 00 00 00 00 00 00 00 00 00
00 00 00 00 86 86 7F 01 08 25 C0 00 00 95 00 0F
47 85 00 2E 00 00 00 00 00 00 15 00 00 00 00 00
02 00 AB F8 00 00 00 00 00 00 00 00 00 00 00 00
00 00 00 00 00 00 00 00 00 00 00 00 00 00 00 00
00 00 00 00 00 00 00 00 00 00 00 00 00 00 00 00
00 00 00 00 00 00 00 00 00 00 00 00 00 00 00 00
00 00 00 00 00 00 00 00 00 00 00 00 00 00 00 00
00 00 00 00 00 00 00 00 00 00 00 00 00 00 00 00
00 00 00 00 00 00 00 00 00 00 00 00 00 00 00 00
00 00 00 00 00 00 00 00 00 00 00 00 00 00 00 00
00 00 00 00 F3 EB 9B 5A 62 7F EE F8 2B 3C 4D 5E
D4 C3 B2 A1 D0 00 00 00 00 00 00 00 C5 96 02 08
41 10 99 05 00 00 00 00 00 00 00 00 00 00 00 00
00 00 00 00 86 86 7B 01 08 25 C0 00 00 95 00 0F
47 85 00 2E 00 00 00 00 00 00 15 00 00 00 00 00
02 00 AB F8 00 00 00 00 00 00 00 00 00 00 00 00
00 00 00 00 00 00 00 00 00 00 00 00 00 00 00 00
00 00 00 00 00 00 00 00 00 00 00 00 00 00 00 00
00 00 00 00 00 00 00 00 00 00 00 00 00 00 00 00
00 00 00 00 00 00 00 00 00 00 00 00 00 00 00 00
00 00 00 00 00 00 00 00 00 00 00 00 00 00 00 00
00 00 00 00 00 00 00 00 00 00 00 00 00 00 00 00
00 00 00 00 00 00 00 00 00 00 00 00 00 00 00 00
00 00 00 00 F3 EB 9B 5A 40 3E 9B FA 2B 3C 4D 5E
D4 C3 B2 A1 D0 00 00 00 00 00 00 00 C5 96 02 08
41 11 03 06 00 00 00 00 00 00 00 00 00 00 00 00
00 00 00 00 86 86 7C 01 08 25 C0 00 00 95 00 0F
47 85 00 2E 00 00 00 00 00 00 15 00 00 00 00 00
02 00 AB F8 00 00 00 00 00 00 00 00 00 00 00 00
00 00 00 00 00 00 00 00 00 00 00 00 00 00 00 00
00 00 00 00 00 00 00 00 00 00 00 00 00 00 00 00
00 00 00 00 00 00 00 00 00 00 00 00 00 00 00 00
00 00 00 00 00 00 00 00 00 00 00 00 00 00 00 00
00 00 00 00 00 00 00 00 00 00 00 00 00 00 00 00
00 00 00 00 00 00 00 00 00 00 00 00 00 00 00 00
00 00 00 00 00 00 00 00 00 00 00 00 00 00 00 00
00 00 00 00 F3 EB 9B 5A 24 1C 6E FF 2B 3C 4D 5E
D4 C3 B2 A1 D0 00 00 00 00 00 00 00 C5 96 02 08
41 11 08 05 00 00 00 00 00 00 00 00 00 00 00 00
00 00 00 00 86 86 7D 01 08 25 C0 00 00 95 00 0F
47 85 00 2E 00 00 00 00 00 00 15 00 00 00 00 00
02 00 AB F8 00 00 00 00 00 00 00 00 00 00 00 00
00 00 00 00 00 00 00 00 00 00 00 00 00 00 00 00
00 00 00 00 00 00 00 00 00 00 00 00 00 00 00 00
00 00 00 00 00 00 00 00 00 00 00 00 00 00 00 00
00 00 00 00 00 00 00 00 00 00 00 00 00 00 00 00
00 00 00 00 00 00 00 00 00 00 00 00 00 00 00 00
00 00 00 00 00 00 00 00 00 00 00 00 00 00 00 00
00 00 00 00 00 00 00 00 00 00 00 00 00 00 00 00
00 00 00 00 F3 EB 9B 5A E9 CD 03 FB 2B 3C 4D 5E
D4 C3 B2 A1 D0 00 00 00 00 00 00 00 C5 96 02 08
41 12 53 08 00 00 00 00 00 00 00 00 00 00 00 00
00 00 00 00 86 86 7E 01 08 25 C0 00 00 95 00 0F
47 85 00 2E 00 00 00 00 00 00 15 00 00 00 00 00
02 00 AB F8 00 00 00 00 00 00 00 00 00 00 00 00
00 00 00 00 00 00 00 00 00 00 00 00 00 00 00 00
00 00 00 00 00 00 00 00 00 00 00 00 00 00 00 00
00 00 00 00 00 00 00 00 00 00 00 00 00 00 00 00
00 00 00 00 00 00 00 00 00 00 00 00 00 00 00 00
00 00 00 00 00 00 00 00 00 00 00 00 00 00 00 00
00 00 00 00 00 00 00 00 00 00 00 00 00 00 00 00
00 00 00 00 00 00 00 00 00 00 00 00 00 00 00 00
00 00 00 00 F3 EB 9B 5A 34 3E 5C FE 2B 3C 4D 5E
D4 C3 B2 A1 D0 00 00 00 00 00 00 00 C5 96 02 08
41 12 57 08 00 00 00 00 00 00 00 00 00 00 00 00
00 00 00 00 86 86 7F 01 08 25 C0 00 00 95 00 0F
47 85 00 2E 00 00 00 00 00 00 15 00 00 00 00 00
02 00 AB F8 00 00 00 00 00 00 00 00 00 00 00 00
00 00 00 00 00 00 00 00 00 00 00 00 00 00 00 00
00 00 00 00 00 00 00 00 00 00 00 00 00 00 00 00
00 00 00 00 00 00 00 00 00 00 00 00 00 00 00 00
00 00 00 00 00 00 00 00 00 00 00 00 00 00 00 00
00 00 00 00 00 00 00 00 00 00 00 00 00 00 00 00
00 00 00 00 00 00 00 00 00 00 00 00 00 00 00 00
00 00 00 00 00 00 00 00 00 00 00 00 00 00 00 00
00 00 00 00 F3 EB 9B 5A C6 CB 9D FC 2B 3C 4D 5E
D4 C3 B2 A1 D0 00 00 00 00 00 00 00 C5 96 02 08
41 12 62 07 00 00 00 00 00 00 00 00 00 00 00 00
00 00 00 00 86 86 7B 01 08 25 C0 00 00 95 00 0F
47 85 00 2E 00 00 00 00 00 00 15 00 00 00 00 00
02 00 AB F8 00 00 00 00 00 00 00 00 00 00 00 00
00 00 00 00 00 00 00 00 00 00 00 00 00 00 00 00
00 00 00 00 00 00 00 00 00 00 00 00 00 00 00 00
00 00 00 00 00 00 00 00 00 00 00 00 00 00 00 00
00 00 00 00 00 00 00 00 00 00 00 00 00 00 00 00
00 00 00 00 00 00 00 00 00 00 00 00 00 00 00 00
00 00 00 00 00 00 00 00 00 00 00 00 00 00 00 00
00 00 00 00 00 00 00 00 00 00 00 00 00 00 00 00
00 00 00 00 F3 EB 9B 5A A5 9B 14 FE 2B 3C 4D 5E
D4 C3 B2 A1 D0 00 00 00 00 00 00 00 C5 96 02 08
41 14 08 01 00 00 00 00 00 00 00 00 00 00 00 00
00 00 00 00 86 86 7C 01 08 25 C0 00 00 95 00 0F
47 85 00 2E 00 00 00 00 00 00 15 00 00 00 00 00
02 00 AB F8 00 00 00 00 00 00 00 00 00 00 00 00
00 00 00 00 00 00 00 00 00 00 00 00 00 00 00 00
00 00 00 00 00 00 00 00 00 00 00 00 00 00 00 00
00 00 00 00 00 00 00 00 00 00 00 00 00 00 00 00
00 00 00 00 00 00 00 00 00 00 00 00 00 00 00 00
00 00 00 00 00 00 00 00 00 00 00 00 00 00 00 00
00 00 00 00 00 00 00 00 00 00 00 00 00 00 00 00
00 00 00 00 00 00 00 00 00 00 00 00 00 00 00 00
00 00 00 00 F3 EB 9B 5A 46 48 3B F9 2B 3C 4D 5E
D4 C3 B2 A1 D0 00 00 00 00 00 00 00 C5 96 02 08
41 14 12 00 00 00 00 00 00 00 00 00 00 00 00 00
00 00 00 00 86 86 7D 01 08 25 C0 00 00 95 00 0F
47 85 00 2E 00 00 00 00 00 00 15 00 00 00 00 00
02 00 AB F8 00 00 00 00 00 00 00 00 00 00 00 00
00 00 00 00 00 00 00 00 00 00 00 00 00 00 00 00
00 00 00 00 00 00 00 00 00 00 00 00 00 00 00 00
00 00 00 00 00 00 00 00 00 00 00 00 00 00 00 00
00 00 00 00 00 00 00 00 00 00 00 00 00 00 00 00
00 00 00 00 00 00 00 00 00 00 00 00 00 00 00 00
00 00 00 00 00 00 00 00 00 00 00 00 00 00 00 00
00 00 00 00 00 00 00 00 00 00 00 00 00 00 00 00
00 00 00 00 F3 EB 9B 5A 17 38 19 FC 2B 3C 4D 5E
D4 C3 B2 A1 D0 00 00 00 00 00 00 00 C5 96 02 08
41 14 16 02 00 00 00 00 00 00 00 00 00 00 00 00
00 00 00 00 86 86 7E 01 08 25 C0 00 00 95 00 0F
47 85 00 2E 00 00 00 00 00 00 15 00 00 00 00 00
02 00 AB F8 00 00 00 00 00 00 00 00 00 00 00 00
00 00 00 00 00 00 00 00 00 00 00 00 00 00 00 00
00 00 00 00 00 00 00 00 00 00 00 00 00 00 00 00
00 00 00 00 00 00 00 00 00 00 00 00 00 00 00 00
00 00 00 00 00 00 00 00 00 00 00 00 00 00 00 00
00 00 00 00 00 00 00 00 00 00 00 00 00 00 00 00
00 00 00 00 00 00 00 00 00 00 00 00 00 00 00 00
00 00 00 00 00 00 00 00 00 00 00 00 00 00 00 00
00 00 00 00 F3 EB 9B 5A 47 5D DB F8 2B 3C 4D 5E
D4 C3 B2 A1 D0 00 00 00 00 00 00 00 C5 96 02 08
41 15 62 02 00 00 00 00 00 00 00 00 00 00 00 00
00 00 00 00 86 86 7F 01 08 25 C0 00 00 95 00 0F
47 85 00 2E 00 00 00 00 00 00 15 00 00 00 00 00
02 00 AB F8 00 00 00 00 00 00 00 00 00 00 00 00
00 00 00 00 00 00 00 00 00 00 00 00 00 00 00 00
00 00 00 00 00 00 00 00 00 00 00 00 00 00 00 00
00 00 00 00 00 00 00 00 00 00 00 00 00 00 00 00
00 00 00 00 00 00 00 00 00 00 00 00 00 00 00 00
00 00 00 00 00 00 00 00 00 00 00 00 00 00 00 00
00 00 00 00 00 00 00 00 00 00 00 00 00 00 00 00
00 00 00 00 00 00 00 00 00 00 00 00 00 00 00 00
00 00 00 00 F3 EB 9B 5A 3F 2B 8D F8 2B 3C 4D 5E
D4 C3 B2 A1 D0 00 00 00 00 00 00 00 C5 96 02 08
41 15 66 03 00 00 00 00 00 00 00 00 00 00 00 00
00 00 00 00 86 86 7B 01 08 25 C0 00 00 95 00 0F
47 85 00 2E 00 00 00 00 00 00 15 00 00 00 00 00
02 00 AB F8 00 00 00 00 00 00 00 00 00 00 00 00
00 00 00 00 00 00 00 00 00 00 00 00 00 00 00 00
00 00 00 00 00 00 00 00 00 00 00 00 00 00 00 00
00 00 00 00 00 00 00 00 00 00 00 00 00 00 00 00
00 00 00 00 00 00 00 00 00 00 00 00 00 00 00 00
00 00 00 00 00 00 00 00 00 00 00 00 00 00 00 00
00 00 00 00 00 00 00 00 00 00 00 00 00 00 00 00
00 00 00 00 00 00 00 00 00 00 00 00 00 00 00 00
00 00 00 00 F3 EB 9B 5A 56 41 04 FD 2B 3C 4D 5E
D4 C3 B2 A1 D0 00 00 00 00 00 00 00 C5 96 02 08
41 15 70 04 00 00 00 00 00 00 00 00 00 00 00 00
00 00 00 00 86 86 7C 01 08 25 C0 00 00 95 00 0F
47 85 00 2E 00 00 00 00 00 00 15 00 00 00 00 00
02 00 AB F8 00 00 00 00 00 00 00 00 00 00 00 00
00 00 00 00 00 00 00 00 00 00 00 00 00 00 00 00
00 00 00 00 00 00 00 00 00 00 00 00 00 00 00 00
00 00 00 00 00 00 00 00 00 00 00 00 00 00 00 00
00 00 00 00 00 00 00 00 00 00 00 00 00 00 00 00
00 00 00 00 00 00 00 00 00 00 00 00 00 00 00 00
00 00 00 00 00 00 00 00 00 00 00 00 00 00 00 00
00 00 00 00 00 00 00 00 00 00 00 00 00 00 00 00
00 00 00 00 F3 EB 9B 5A 38 46 15 FB 2B 3C 4D 5E
D4 C3 B2 A1 D0 00 00 00 00 00 00 00 C5 96 02 08
41 17 15 06 00 00 00 00 00 00 00 00 00 00 00 00
00 00 00 00 86 86 7D 01 08 25 C0 00 00 95 00 0F
47 85 00 2E 00 00 00 00 00 00 15 00 00 00 00 00
02 00 AB F8 00 00 00 00 00 00 00 00 00 00 00 00
00 00 00 00 00 00 00 00 00 00 00 00 00 00 00 00
00 00 00 00 00 00 00 00 00 00 00 00 00 00 00 00
00 00 00 00 00 00 00 00 00 00 00 00 00 00 00 00
00 00 00 00 00 00 00 00 00 00 00 00 00 00 00 00
00 00 00 00 00 00 00 00 00 00 00 00 00 00 00 00
00 00 00 00 00 00 00 00 00 00 00 00 00 00 00 00
00 00 00 00 00 00 00 00 00 00 00 00 00 00 00 00
00 00 00 00 F3 EB 9B 5A 25 EE 11 F8 2B 3C 4D 5E
D4 C3 B2 A1 D0 00 00 00 00 00 00 00 C5 96 02 08
41 17 19 07 00 00 00 00 00 00 00 00 00 00 00 00
00 00 00 00 86 86 7E 01 08 25 C0 00 00 95 00 0F
47 85 00 2E 00 00 00 00 00 00 15 00 00 00 00 00
02 00 AB F8 00 00 00 00 00 00 00 00 00 00 00 00
00 00 00 00 00 00 00 00 00 00 00 00 00 00 00 00
00 00 00 00 00 00 00 00 00 00 00 00 00 00 00 00
00 00 00 00 00 00 00 00 00 00 00 00 00 00 00 00
00 00 00 00 00 00 00 00 00 00 00 00 00 00 00 00
00 00 00 00 00 00 00 00 00 00 00 00 00 00 00 00
00 00 00 00 00 00 00 00 00 00 00 00 00 00 00 00
00 00 00 00 00 00 00 00 00 00 00 00 00 00 00 00
00 00 00 00 F3 EB 9B 5A 27 70 81 F9 2B 3C 4D 5E
D4 C3 B2 A1 D0 00 00 00 00 00 00 00 C5 96 02 08
41 17 24 06 00 00 00 00 00 00 00 00 00 00 00 00
00 00 00 00 86 86 7F 01 08 25 C0 00 00 95 00 0F
47 85 00 2E 00 00 00 00 00 00 15 00 00 00 00 00
02 00 AB F8 00 00 00 00 00 00 00 00 00 00 00 00
00 00 00 00 00 00 00 00 00 00 00 00 00 00 00 00
00 00 00 00 00 00 00 00 00 00 00 00 00 00 00 00
00 00 00 00 00 00 00 00 00 00 00 00 00 00 00 00
00 00 00 00 00 00 00 00 00 00 00 00 00 00 00 00
00 00 00 00 00 00 00 00 00 00 00 00 00 00 00 00
00 00 00 00 00 00 00 00 00 00 00 00 00 00 00 00
00 00 00 00 00 00 00 00 00 00 00 00 00 00 00 00
00 00 00 00 F3 EB 9B 5A AE 92 46 FB 2B 3C 4D 5E
D4 C3 B2 A1 D0 00 00 00 00 00 00 00 C5 96 02 08
41 18 69 08 00 00 00 00 00 00 00 00 00 00 00 00
00 00 00 00 86 86 7B 01 08 25 C0 00 00 95 00 0F
47 85 00 2E 00 00 00 00 00 00 15 00 00 00 00 00
02 00 AB F8 00 00 00 00 00 00 00 00 00 00 00 00
00 00 00 00 00 00 00 00 00 00 00 00 00 00 00 00
00 00 00 00 00 00 00 00 00 00 00 00 00 00 00 00
00 00 00 00 00 00 00 00 00 00 00 00 00 00 00 00
00 00 00 00 00 00 00 00 00 00 00 00 00 00 00 00
00 00 00 00 00 00 00 00 00 00 00 00 00 00 00 00
00 00 00 00 00 00 00 00 00 00 00 00 00 00 00 00
00 00 00 00 00 00 00 00 00 00 00 00 00 00 00 00
00 00 00 00 F3 EB 9B 5A 77 EF 33 F8 2B 3C 4D 5E
D4 C3 B2 A1 D0 00 00 00 00 00 00 00 C5 96 02 08
41 18 73 09 00 00 00 00 00 00 00 00 00 00 00 00
00 00 00 00 86 86 7C 01 08 25 C0 00 00 95 00 0F
47 85 00 2E 00 00 00 00 00 00 15 00 00 00 00 00
02 00 AB F8 00 00 00 00 00 00 00 00 00 00 00 00
00 00 00 00 00 00 00 00 00 00 00 00 00 00 00 00
00 00 00 00 00 00 00 00 00 00 00 00 00 00 00 00
00 00 00 00 00 00 00 00 00 00 00 00 00 00 00 00
00 00 00 00 00 00 00 00 00 00 00 00 00 00 00 00
00 00 00 00 00 00 00 00 00 00 00 00 00 00 00 00
00 00 00 00 00 00 00 00 00 00 00 00 00 00 00 00
00 00 00 00 00 00 00 00 00 00 00 00 00 00 00 00
00 00 00 00 F3 EB 9B 5A 09 63 7C FB 2B 3C 4D 5E
D4 C3 B2 A1 D0 00 00 00 00 00 00 00 C5 96 02 08
41 18 78 08 00 00 00 00 00 00 00 00 00 00 00 00
00 00 00 00 86 86 7D 01 08 25 C0 00 00 95 00 0F
47 85 00 2E 00 00 00 00 00 00 15 00 00 00 00 00
02 00 AB F8 00 00 00 00 00 00 00 00 00 00 00 00
00 00 00 00 00 00 00 00 00 00 00 00 00 00 00 00
00 00 00 00 00 00 00 00 00 00 00 00 00 00 00 00
00 00 00 00 00 00 00 00 00 00 00 00 00 00 00 00
00 00 00 00 00 00 00 00 00 00 00 00 00 00 00 00
00 00 00 00 00 00 00 00 00 00 00 00 00 00 00 00
00 00 00 00 00 00 00 00 00 00 00 00 00 00 00 00
00 00 00 00 00 00 00 00 00 00 00 00 00 00 00 00
00 00 00 00 F3 EB 9B 5A 83 89 36 FB 2B 3C 4D 5E
D4 C3 B2 A1 D0 00 00 00 00 00 00 00 C5 96 02 08
41 20 24 00 00 00 00 00 00 00 00 00 00 00 00 00
00 00 00 00 86 86 7E 01 08 25 C0 00 00 95 00 0F
47 85 00 2E 00 00 00 00 00 00 15 00 00 00 00 00
02 00 AB F8 00 00 00 00 00 00 00 00 00 00 00 00
00 00 00 00 00 00 00 00 00 00 00 00 00 00 00 00
00 00 00 00 00 00 00 00 00 00 00 00 00 00 00 00
00 00 00 00 00 00 00 00 00 00 00 00 00 00 00 00
00 00 00 00 00 00 00 00 00 00 00 00 00 00 00 00
00 00 00 00 00 00 00 00 00 00 00 00 00 00 00 00
00 00 00 00 00 00 00 00 00 00 00 00 00 00 00 00
00 00 00 00 00 00 00 00 00 00 00 00 00 00 00 00
00 00 00 00 F3 EB 9B 5A C4 94 6F F9 2B 3C 4D 5E
D4 C3 B2 A1 D0 00 00 00 00 00 00 00 C5 96 02 08
41 20 28 01 00 00 00 00 00 00 00 00 00 00 00 00
00 00 00 00 86 86 7F 01 08 25 C0 00 00 95 00 0F
47 85 00 2E 00 00 00 00 00 00 15 00 00 00 00 00
02 00 AB F8 00 00 00 00 00 00 00 00 00 00 00 00
00 00 00 00 00 00 00 00 00 00 00 00 00 00 00 00
00 00 00 00 00 00 00 00 00 00 00 00 00 00 00 00
00 00 00 00 00 00 00 00 00 00 00 00 00 00 00 00
00 00 00 00 00 00 00 00 00 00 00 00 00 00 00 00
00 00 00 00 00 00 00 00 00 00 00 00 00 00 00 00
00 00 00 00 00 00 00 00 00 00 00 00 00 00 00 00
00 00 00 00 00 00 00 00 00 00 00 00 00 00 00 00
00 00 00 00 F3 EB 9B 5A 23 A1 DB FA 2B 3C 4D 5E
D4 C3 B2 A1 D0 00 00 00 00 00 00 00 C5 96 02 08
41 20 32 02 00 00 00 00 00 00 00 00 00 00 00 00
00 00 00 00 86 86 7B 01 08 25 C0 00 00 95 00 0F
47 85 00 2E 00 00 00 00 00 00 15 00 00 00 00 00
02 00 AB F8 00 00 00 00 00 00 00 00 00 00 00 00
00 00 00 00 00 00 00 00 00 00 00 00 00 00 00 00
00 00 00 00 00 00 00 00 00 00 00 00 00 00 00 00
00 00 00 00 00 00 00 00 00 00 00 00 00 00 00 00
00 00 00 00 00 00 00 00 00 00 00 00 00 00 00 00
00 00 00 00 00 00 00 00 00 00 00 00 00 00 00 00
00 00 00 00 00 00 00 00 00 00 00 00 00 00 00 00
00 00 00 00 00 00 00 00 00 00 00 00 00 00 00 00
00 00 00 00 F3 EB 9B 5A BA F5 44 FA 2B 3C 4D 5E
D4 C3 B2 A1 D0 00 00 00 00 00 00 00 C5 96 02 08
41 21 78 03 00 00 00 00 00 00 00 00 00 00 00 00
00 00 00 00 86 86 7C 01 08 25 C0 00 00 95 00 0F
47 85 00 2E 00 00 00 00 00 00 15 00 00 00 00 00
02 00 AB F8 00 00 00 00 00 00 00 00 00 00 00 00
00 00 00 00 00 00 00 00 00 00 00 00 00 00 00 00
00 00 00 00 00 00 00 00 00 00 00 00 00 00 00 00
00 00 00 00 00 00 00 00 00 00 00 00 00 00 00 00
00 00 00 00 00 00 00 00 00 00 00 00 00 00 00 00
00 00 00 00 00 00 00 00 00 00 00 00 00 00 00 00
00 00 00 00 00 00 00 00 00 00 00 00 00 00 00 00
00 00 00 00 00 00 00 00 00 00 00 00 00 00 00 00
00 00 00 00 F3 EB 9B 5A FB B7 87 FF 2B 3C 4D 5E
D4 C3 B2 A1 D0 00 00 00 00 00 00 00 C5 96 02 08
41 21 82 04 00 00 00 00 00 00 00 00 00 00 00 00
00 00 00 00 86 86 7D 01 08 25 C0 00 00 95 00 0F
47 85 00 2E 00 00 00 00 00 00 15 00 00 00 00 00
02 00 AB F8 00 00 00 00 00 00 00 00 00 00 00 00
00 00 00 00 00 00 00 00 00 00 00 00 00 00 00 00
00 00 00 00 00 00 00 00 00 00 00 00 00 00 00 00
00 00 00 00 00 00 00 00 00 00 00 00 00 00 00 00
00 00 00 00 00 00 00 00 00 00 00 00 00 00 00 00
00 00 00 00 00 00 00 00 00 00 00 00 00 00 00 00
00 00 00 00 00 00 00 00 00 00 00 00 00 00 00 00
00 00 00 00 00 00 00 00 00 00 00 00 00 00 00 00
00 00 00 00 F3 EB 9B 5A B6 1C 88 F9 2B 3C 4D 5E

