Raw dump (264 bytes)
D4 C3 B2 A1 C4 00 00 00 00 00 00 00 C5 95 02 12
19 34 46 06 00 00 00 00 00 00 00 00 00 00 00 00
00 00 00 00 86 83 7E 01 08 78 40 00 00 50 00 0F
48 52 3F F9 00 00 00 00 FF D8 FF E0 00 10 4A 46
49 46 00 01 01 01 00 60 00 60 00 00 FF DB 00 43
00 08 06 06 07 06 05 08 07 07 07 09 09 08 0A 0C
14 0D 0C 0B 0B 0C 19 12 13 0F 14 1D 1A 1F 1E 1D
1A 1C 1C 20 24 2E 27 20 22 2C 23 1C 1C 28 37 29
2C 30 31 34 34 34 1F 27 39 3D 38 32 3C 2E 33 34
32 FF DB 00 43 01 09 09 09 0C 0B 0C 18 0D 0D 18
32 21 1C 21 32 32 32 32 32 32 32 32 32 32 32 32
32 32 32 32 32 32 32 32 DC 20 CC 4B E3 23 6B FD
2B 3C 4D 5E D4 C3 B2 A1 44 00 00 00 00 00 00 00
C5 95 02 12 19 34 56 04 00 00 00 00 00 00 00 00
00 00 00 00 00 00 00 00 86 83 7F 01 08 78 80 01
00 09 00 0F 48 52 53 AE 00 00 00 00 99 D4 72 D3
EA C2 21 FA 2B 3C 4D 5E 
