Raw dump (1228 bytes)
D4 C3 B2 A1 D0 00 00 00 00 00 00 00 C5 96 02 12
57 19 77 06 00 00 00 00 00 00 00 00 00 00 00 00
00 00 00 00 86 86 7B 01 08 25 C0 00 00 95 00 0F
47 22 B4 48 00 00 00 00 30 18 02 02 03 00 01 C0
00 00 00 00 00 00 00 00 00 00 00 00 00 00 00 00
00 00 00 00 00 00 00 00 00 00 00 00 00 00 00 00
00 00 00 00 00 00 00 00 00 00 00 00 00 00 00 00
00 00 00 00 00 00 00 00 00 00 00 00 00 00 00 00
00 00 00 00 00 00 00 00 00 00 00 00 00 00 00 00
00 00 00 00 00 00 00 00 00 00 00 00 00 00 00 00
00 00 00 00 00 00 00 00 00 00 00 00 00 00 00 00
00 00 00 00 00 00 00 00 00 00 00 00 00 00 00 00
00 00 00 00 B9 E6 70 D1 6A 6C 94 FA 2B 3C 4D 5E
D4 C3 B2 A1 CC 00 00 00 00 00 00 00 C5 96 02 12
57 19 81 07 00 00 00 00 00 00 00 00 00 00 00 00
00 00 00 00 86 83 7C 01 08 1A C0 01 00 91 00 0F
47 23 26 9B 00 00 07 07 07 07 07 00 00 00 00 00
00 00 00 00 00 00 00 00 00 02 00 1F 47 0F 00 AB
85 48 EA 0C 00 00 00 11 FF 90 FF 7D 00 02 00 00
00 05 01 00 F5 AE 01 00 2B 01 00 00 00 00 00 00
00 00 00 00 00 00 00 00 00 00 00 00 00 00 00 00
00 00 00 00 00 00 00 00 00 00 00 00 00 00 00 00
00 00 00 00 00 00 00 00 00 00 00 00 00 00 00 00
01 00 00 00 00 00 00 00 00 00 00 00 00 00 00 00
00 00 00 00 00 00 00 00 00 00 00 00 00 00 00 00
85 EB FE FE ED 94 9F FA 2B 3C 4D 5E D4 C3 B2 A1
CC 00 00 00 00 00 00 00 C5 96 02 12 57 21 26 01
00 00 00 00 00 00 00 00 00 00 00 00 00 00 00 00
86 83 7F 01 08 1A C0 02 00 91 00 0F 47 24 26 97
00 00 07 07 07 07 07 00 00 00 00 00 00 00 00 00
00 00 00 00 00 02 00 1F 47 0F 00 AB 85 48 EA 0C
00 00 00 11 FF 90 FF 7D 00 02 00 00 00 05 01 00
F5 AE 01 00 2B 01 00 00 00 00 00 00 00 00 00 00
00 00 00 00 00 00 00 00 00 00 00 00 00 00 00 00
00 00 00 00 00 00 00 00 00 00 00 00 00 00 00 00
00 00 00 00 00 00 00 00 00 00 00 00 01 00 00 00
00 00 00 00 00 00 00 00 00 00 00 00 00 00 00 00
00 00 00 00 00 00 00 00 00 00 00 00 2F 29 38 86
FA 89 60 FE 2B 3C 4D 5E D4 C3 B2 A1 CC 00 00 00
00 00 00 00 C5 96 02 12 57 21 30 02 00 00 00 00
00 00 00 00 00 00 00 00 00 00 00 00 86 83 7B 01
08 1A C0 03 00 91 00 0F 47 24 A6 A9 00 00 07 07
07 07 07 00 00 00 00 00 00 00 00 00 00 00 00 00
00 02 00 1F 47 0F 00 AB 85 48 EA 0C 00 00 00 11
FF 90 FF 7D 00 02 00 00 00 05 01 00 F5 AE 01 00
2B 01 00 00 00 00 00 00 00 00 00 00 00 00 00 00
00 00 00 00 00 00 00 00 00 00 00 00 00 00 00 00
00 00 00 00 00 00 00 00 00 00 00 00 00 00 00 00
00 00 00 00 00 00 00 00 01 00 00 00 00 00 00 00
00 00 00 00 00 00 00 00 00 00 00 00 00 00 00 00
00 00 00 00 00 00 00 00 F4 62 AE FC FA D4 AE FF
2B 3C 4D 5E D4 C3 B2 A1 CC 00 00 00 00 00 00 00
C5 96 02 12 57 22 75 04 00 00 00 00 00 00 00 00
00 00 00 00 00 00 00 00 86 83 7C 01 08 1A C0 04
00 91 00 0F 47 25 A6 9D 00 00 07 07 07 07 07 00
00 00 00 00 00 00 00 00 00 00 00 00 00 02 00 1F
47 0F 00 AB 85 48 EA 0C 00 00 00 11 FF 90 FF 7D
00 02 00 00 00 05 01 00 F5 AE 01 00 2B 01 00 00
00 00 00 00 00 00 00 00 00 00 00 00 00 00 00 00
00 00 00 00 00 00 00 00 00 00 00 00 00 00 00 00
00 00 00 00 00 00 00 00 00 00 00 00 00 00 00 00
00 00 00 00 01 00 00 00 00 00 00 00 00 00 00 00
00 00 00 00 00 00 00 00 00 00 00 00 00 00 00 00
00 00 00 00 21 49 26 3C 76 5B 16 FD 2B 3C 4D 5E
D4 C3 B2 A1 CC 00 00 00 00 00 00 00 C5 96 02 12
57 22 79 05 00 00 00 00 00 00 00 00 00 00 00 00
00 00 00 00 86 83 7D 01 08 1A C0 05 00 91 00 0F
47 26 26 A5 00 00 07 07 07 07 07 00 00 00 00 00
00 00 00 00 00 00 00 00 00 02 00 1F 47 0F 00 AB
85 48 EA 0C 00 00 00 11 FF 90 FF 7D 00 02 00 00
00 05 01 00 F5 AE 01 00 2B 01 00 00 00 00 00 00
00 00 00 00 00 00 00 00 00 00 00 00 00 00 00 00
00 00 00 00 00 00 00 00 00 00 00 00 00 00 00 00
00 00 00 00 00 00 00 00 00 00 00 00 00 00 00 00
01 00 00 00 00 00 00 00 00 00 00 00 00 00 00 00
00 00 00 00 00 00 00 00 00 00 00 00 00 00 00 00
2A 55 A7 B3 BA 45 DA FF 2B 3C 4D 5E 
