Raw dump (1228 bytes)
D4 C3 B2 A1 D0 00 00 00 00 00 00 00 C5 96 02 12
33 43 94 07 00 00 00 00 00 00 00 00 00 00 00 00
00 00 00 00 86 86 7F 01 08 25 C0 00 00 95 00 0F
49 7F B6 46 00 00 00 00 30 18 02 02 03 00 01 C0
00 00 00 00 00 00 00 00 00 00 00 00 00 00 00 00
00 00 00 00 00 00 00 00 00 00 00 00 00 00 00 00
00 00 00 00 00 00 00 00 00 00 00 00 00 00 00 00
00 00 00 00 00 00 00 00 00 00 00 00 00 00 00 00
00 00 00 00 00 00 00 00 00 00 00 00 00 00 00 00
00 00 00 00 00 00 00 00 00 00 00 00 00 00 00 00
00 00 00 00 00 00 00 00 00 00 00 00 00 00 00 00
00 00 00 00 00 00 00 00 00 00 00 00 00 00 00 00
00 00 00 00 56 E4 C6 8C 20 61 90 FE 2B 3C 4D 5E
D4 C3 B2 A1 CC 00 00 00 00 00 00 00 C5 96 02 12
33 43 98 08 00 00 00 00 00 00 00 00 00 00 00 00
00 00 00 00 86 83 7B 01 08 1A C0 01 00 91 00 0F
49 80 28 A9 00 00 07 07 07 07 07 00 00 00 00 00
00 00 00 00 00 00 00 01 00 02 00 7C 49 0F 00 5B
2C 45 EC 2A 00 00 00 11 FF 91 FF 7D 00 02 00 00
00 05 01 00 7D B4 01 00 38 01 00 00 00 00 00 00
00 00 00 00 00 00 00 00 00 00 00 00 00 00 00 00
00 00 00 00 00 00 00 00 00 00 00 00 00 00 00 00
00 00 00 00 00 00 00 00 00 00 00 00 00 00 00 00
01 00 00 00 00 00 00 00 00 00 00 00 00 00 00 00
00 00 00 00 00 00 00 00 00 00 00 00 00 00 00 00
E5 72 CD 80 7E 76 2A F9 2B 3C 4D 5E D4 C3 B2 A1
CC 00 00 00 00 00 00 00 C5 96 02 12 33 45 43 02
00 00 00 00 00 00 00 00 00 00 00 00 00 00 00 00
86 83 7E 01 08 1A C0 02 00 91 00 0F 49 81 28 A8
00 00 07 07 07 07 07 00 00 00 00 00 00 00 00 00
00 00 00 01 00 02 00 7C 49 0F 00 5B 2C 45 EC 2A
00 00 00 11 FF 91 FF 7D 00 02 00 00 00 05 01 00
7D B4 01 00 38 01 00 00 00 00 00 00 00 00 00 00
00 00 00 00 00 00 00 00 00 00 00 00 00 00 00 00
00 00 00 00 00 00 00 00 00 00 00 00 00 00 00 00
00 00 00 00 00 00 00 00 00 00 00 00 01 00 00 00
00 00 00 00 00 00 00 00 00 00 00 00 00 00 00 00
00 00 00 00 00 00 00 00 00 00 00 00 2E A9 A0 F2
93 77 32 FD 2B 3C 4D 5E D4 C3 B2 A1 CC 00 00 00
00 00 00 00 C5 96 02 12 33 45 47 03 00 00 00 00
00 00 00 00 00 00 00 00 00 00 00 00 86 83 7F 01
08 1A C0 03 00 91 00 0F 49 81 A8 9B 00 00 07 07
07 07 07 00 00 00 00 00 00 00 00 00 00 00 00 01
00 02 00 7C 49 0F 00 5B 2C 45 EC 2A 00 00 00 11
FF 91 FF 7D 00 02 00 00 00 05 01 00 7D B4 01 00
38 01 00 00 00 00 00 00 00 00 00 00 00 00 00 00
00 00 00 00 00 00 00 00 00 00 00 00 00 00 00 00
00 00 00 00 00 00 00 00 00 00 00 00 00 00 00 00
00 00 00 00 00 00 00 00 01 00 00 00 00 00 00 00
00 00 00 00 00 00 00 00 00 00 00 00 00 00 00 00
00 00 00 00 00 00 00 00 10 54 31 60 88 18 F4 FF
2B 3C 4D 5E D4 C3 B2 A1 CC 00 00 00 00 00 00 00
C5 96 02 12 33 46 92 05 00 00 00 00 00 00 00 00
00 00 00 00 00 00 00 00 86 83 7B 01 08 1A C0 04
00 91 00 0F 49 82 A8 BA 00 00 07 07 07 07 07 00
00 00 00 00 00 00 00 00 00 00 00 01 00 02 00 7C
49 0F 00 5B 2C 45 EC 2A 00 00 00 11 FF 91 FF 7D
00 02 00 00 00 05 01 00 7D B4 01 00 38 01 00 00
00 00 00 00 00 00 00 00 00 00 00 00 00 00 00 00
00 00 00 00 00 00 00 00 00 00 00 00 00 00 00 00
00 00 00 00 00 00 00 00 00 00 00 00 00 00 00 00
00 00 00 00 01 00 00 00 00 00 00 00 00 00 00 00
00 00 00 00 00 00 00 00 00 00 00 00 00 00 00 00
00 00 00 00 1F 77 31 E4 D8 45 75 FB 2B 3C 4D 5E
D4 C3 B2 A1 CC 00 00 00 00 00 00 00 C5 96 02 12
33 46 96 06 00 00 00 00 00 00 00 00 00 00 00 00
00 00 00 00 86 83 7C 01 08 1A C0 05 00 91 00 0F
49 83 28 B8 00 00 07 07 07 07 07 00 00 00 00 00
00 00 00 07 00 00 00 01 00 02 00 7C 49 0F 00 5B
2C 45 EC 2A 00 00 00 11 FF 91 FF 7D 00 02 00 00
00 05 01 00 7D B4 01 00 38 01 00 00 00 00 00 00
00 00 00 00 00 00 00 00 00 00 00 00 00 00 00 00
00 00 00 00 00 00 00 00 00 00 00 00 00 00 00 00
00 00 00 00 00 00 00 00 00 00 00 00 00 00 00 00
01 00 00 00 00 00 00 00 00 00 00 00 00 00 00 00
00 00 00 00 00 00 00 00 00 00 00 00 00 00 00 00
50 25 6C DD DA 07 25 FA 2B 3C 4D 5E 
