Raw telemetry dump (416 bytes)
D4 C3 B2 A1 D0 00 00 00 00 00 00 00 C5 52 02 05
19 17 79 07 00 00 00 00 00 00 00 00 00 00 00 00
00 00 00 00 86 83 7D 01 08 25 C0 00 00 95 00 0F
4B AF F7 E4 00 00 00 00 00 00 13 00 00 00 00 00
02 00 11 01 00 00 00 00 00 00 00 00 00 00 00 00
00 00 00 00 00 00 00 00 00 00 00 00 00 00 00 00
00 00 00 00 00 00 00 00 00 00 00 00 00 00 00 00
00 00 00 00 00 00 00 00 00 00 00 00 00 00 00 00
00 00 00 00 00 00 00 00 00 00 00 00 00 00 00 00
00 00 00 00 00 00 00 00 00 00 00 00 00 00 00 00
00 00 00 00 00 00 00 00 00 00 00 00 00 00 00 00
00 00 00 00 00 00 00 00 00 00 00 00 00 00 00 00
00 00 00 00 C5 0C D2 3C 84 48 24 FF 2B 3C 4D 5E
D4 C3 B2 A1 D0 00 00 00 00 00 00 00 C5 52 02 05
19 18 32 00 00 00 00 00 00 00 00 00 00 00 00 00
00 00 00 00 86 83 7E 01 08 25 C0 00 00 95 00 0F
4B AF F8 01 00 00 00 00 00 00 00 00 00 00 00 00
00 00 00 00 00 00 00 00 00 00 00 00 00 00 00 00
00 00 00 00 00 00 00 00 00 00 00 00 00 00 00 00
00 00 00 00 00 00 00 00 00 00 00 00 00 00 00 00
00 00 00 00 00 00 00 00 00 00 00 00 00 00 00 00
00 00 00 00 00 00 00 00 00 00 00 00 00 00 00 00
00 00 00 00 00 00 00 00 00 00 00 00 00 00 00 00
00 00 00 00 00 00 00 00 00 00 00 00 00 00 00 00
00 00 00 00 00 00 00 00 00 00 00 00 00 00 00 00
00 00 00 00 42 EE 07 86 D2 B7 AA F8 2B 3C 4D 5E

