Raw telemetry dump (264 bytes)
D4 C3 B2 A1 C4 00 00 00 00 00 00 00 C5 95 02 12
10 40 18 01 00 00 00 00 00 00 00 00 00 00 00 00
00 00 00 00 86 83 7D 01 08 78 40 00 00 5A 00 0F
46 3C 4A 34 00 00 00 00 FF D8 FF E0 00 10 4A 46
49 46 00 01 01 01 00 60 00 60 00 00 FF DB 00 43
00 08 06 06 07 06 05 08 07 07 07 09 09 08 0A 0C
14 0D 0C 0B 0B 0C 19 12 13 0F 14 1D 1A 1F 1E 1D
1A 1C 1C 20 24 2E 27 20 22 2C 23 1C 1C 28 37 29
2C 30 31 34 34 34 1F 27 39 00 00 00 00 00 00 00
00 00 00 00 00 00 00 00 00 00 00 00 00 00 00 00
00 00 00 00 00 00 00 00 00 00 00 00 00 00 00 00
00 00 00 00 00 00 00 00 44 C5 24 48 87 A2 55 FB
2B 3C 4D 5E D4 C3 B2 A1 44 00 00 00 00 00 00 00
C5 95 02 12 10 40 31 02 00 00 00 00 00 00 00 00
00 00 00 00 00 00 00 00 86 83 7E 01 08 78 80 01
00 09 00 0F 46 3C 5D EA 00 00 00 00 CA C6 B0 4A
69 93 B2 F9 2B 3C 4D 5E 
